-10.0	-0.849	0.05898	0.006	0.825	0.003	0.990	0.011	-14.394	0.257	0.257
-9.5	-0.809	0.05561	0.006	0.813	0.003	0.991	0.011	-14.555	0.256	0.257
-9.0	-0.768	0.05252	0.006	0.799	0.003	0.991	0.012	-14.629	0.256	0.258
-8.5	-0.726	0.04961	0.006	0.785	0.004	0.991	0.012	-14.631	0.257	0.258
-8.0	-0.682	0.04699	0.005	0.770	0.004	0.991	0.011	-14.511	0.258	0.258
-7.5	-0.637	0.04452	0.005	0.752	0.005	0.992	0.011	-14.304	0.258	0.258
-7.0	-0.591	0.04227	0.005	0.733	0.006	0.992	0.010	-13.977	0.256	0.258
-6.5	-0.543	0.04008	0.004	0.713	0.006	0.992	0.011	-13.547	0.255	0.258
-6.0	-0.495	0.03808	0.004	0.692	0.006	0.992	0.012	-12.995	0.256	0.258
-5.5	-0.446	0.03632	0.004	0.669	0.006	0.992	0.012	-12.289	0.256	0.258
-5.0	-0.397	0.03469	0.003	0.645	0.006	0.992	0.014	-11.459	0.256	0.259
-4.5	-0.348	0.03323	0.003	0.620	0.007	0.992	0.015	-10.483	0.256	0.259
-4.0	-0.299	0.03197	0.003	0.595	0.007	0.992	0.016	-9.349	0.257	0.259
-3.5	-0.249	0.03090	0.002	0.569	0.008	0.992	0.016	-8.064	0.257	0.260
-3.0	-0.199	0.02997	0.002	0.543	0.008	0.991	0.018	-6.648	0.257	0.261
-2.5	-0.149	0.02927	0.002	0.517	0.009	0.991	0.018	-5.095	0.258	0.262
-2.0	-0.099	0.02870	0.001	0.492	0.010	0.991	0.020	-3.444	0.258	0.264
-1.5	-0.048	0.02835	0.001	0.467	0.012	0.990	0.020	-1.706	0.258	0.270
-1.0	0.002	0.02790	0.001	0.442	0.013	0.990	0.023	0.081	0.256	0.005
-0.5	0.066	0.00901	0.000	0.417	0.014	0.990	0.987	7.288	0.260	0.246
0.0	0.129	0.00905	-0.001	0.393	0.015	0.990	0.989	14.202	0.265	0.256
0.5	0.191	0.00923	-0.002	0.370	0.016	0.989	0.990	20.734	0.265	0.259
1.0	0.254	0.00927	-0.003	0.346	0.020	0.988	0.990	27.409	0.266	0.260
1.5	0.316	0.00935	-0.004	0.322	0.024	0.987	0.991	33.839	0.266	0.262
2.0	0.378	0.01103	-0.005	0.055	0.590	0.979	0.994	34.298	0.266	0.262
2.5	0.440	0.01120	-0.006	0.052	0.617	0.977	0.995	39.266	0.266	0.263
3.0	0.501	0.01145	-0.007	0.049	0.642	0.974	0.995	43.780	0.267	0.263
3.5	0.562	0.01168	-0.008	0.047	0.667	0.971	0.995	48.134	0.267	0.264
4.0	0.623	0.01197	-0.009	0.045	0.691	0.968	0.996	52.061	0.267	0.264
4.5	0.683	0.01229	-0.010	0.043	0.713	0.964	0.996	55.560	0.268	0.264
5.0	0.742	0.01266	-0.011	0.041	0.734	0.959	0.996	58.628	0.268	0.265
5.5	0.801	0.01309	-0.012	0.038	0.754	0.954	0.997	61.153	0.268	0.265
6.0	0.858	0.01355	-0.013	0.036	0.773	0.948	0.997	63.328	0.269	0.265
6.5	0.915	0.01428	-0.014	0.035	0.788	0.940	0.998	64.046	0.269	0.265
7.0	0.970	0.01512	-0.015	0.033	0.803	0.932	0.999	64.152	0.270	0.266
7.5	1.024	0.01567	-0.016	0.032	0.818	0.923	1.000	65.324	0.270	0.266
8.0	1.076	0.01628	-0.017	0.031	0.831	0.912	1.000	66.104	0.271	0.266
8.5	1.127	0.01697	-0.018	0.030	0.842	0.900	1.000	66.417	0.271	0.266
9.0	1.176	0.01765	-0.019	0.029	0.854	0.886	1.000	66.646	0.272	0.266
9.5	1.223	0.01859	-0.020	0.028	0.863	0.870	1.000	65.777	0.273	0.267
10.0	1.268	0.01959	-0.021	0.028	0.873	0.852	1.000	64.733	0.274	0.267
10.5	1.310	0.02073	-0.022	0.027	0.881	0.832	1.000	63.183	0.275	0.267
11.0	1.348	0.02220	-0.023	0.025	0.889	0.809	1.000	60.744	0.277	0.267
11.5	1.383	0.02394	-0.024	0.024	0.896	0.783	1.000	57.790	0.278	0.268
12.0	1.416	0.02594	-0.025	0.022	0.904	0.755	1.000	54.582	0.280	0.268
12.5	1.445	0.02828	-0.026	0.021	0.910	0.725	1.000	51.097	0.282	0.268
13.0	1.471	0.03100	-0.027	0.020	0.916	0.694	1.000	47.457	0.284	0.268
13.5	1.495	0.03408	-0.028	0.019	0.921	0.662	1.000	43.857	0.287	0.269
14.0	1.515	0.03776	-0.029	0.018	0.926	0.628	1.000	40.124	0.291	0.269
14.5	1.533	0.04184	-0.029	0.017	0.931	0.595	1.000	36.635	0.296	0.269
15.0	1.547	0.04661	-0.030	0.017	0.936	0.560	1.000	33.196	0.308	0.270
15.5	1.557	0.05156	-0.031	0.016	0.940	0.528	1.000	30.207	0.336	0.270
16.0	1.563	0.05758	-0.032	0.015	0.945	0.493	1.000	27.142	0.382	0.270
16.5	1.567	0.06349	-0.032	0.015	0.948	0.463	1.000	24.682	0.499	0.271
17.0	1.568	0.07043	-0.033	0.014	0.951	0.431	1.000	22.257	-0.278	0.271
17.5	1.565	0.07829	-0.033	0.013	0.955	0.398	1.000	19.992	0.133	0.271
18.0	1.560	0.08714	-0.034	0.012	0.958	0.365	1.000	17.900	0.184	0.272
18.5	1.553	0.09632	-0.034	0.011	0.961	0.334	1.000	16.122	0.300	0.272
19.0	1.493	0.14712	-0.030	0.036	0.964	0.161	1.000	10.145	0.302	0.270
19.5	1.487	0.15714	-0.031	0.037	0.968	0.148	1.000	9.463	0.217	0.271
20.0	1.479	0.16864	-0.031	0.037	0.971	0.133	1.000	8.768	0.227	0.271
20.5	1.469	0.17945	-0.031	0.037	0.974	0.122	1.000	8.189	0.230	0.271
21.0	1.454	0.19093	-0.031	0.038	0.978	0.111	1.000	7.616	0.228	0.271
21.5	1.439	0.20093	-0.032	0.038	0.982	0.106	1.000	7.159	0.229	0.272
22.0	1.420	0.21219	-0.032	0.038	1.000	0.098	1.000	6.694	0.235	0.272
22.5	1.401	0.22384	-0.032	0.038	1.000	0.091	1.000	6.259	0.239	0.273
23.0	1.380	0.23734	-0.032	0.038	1.000	0.083	1.000	5.813	0.241	0.273
23.5	1.358	0.24960	-0.033	0.038	1.000	0.078	1.000	5.441	0.238	0.274
24.0	1.335	0.26222	-0.033	0.039	1.000	0.072	1.000	5.092	0.266	0.275
24.5	1.308	0.27824	-0.032	0.039	1.000	0.055	1.000	4.701	0.306	0.274
25.0	1.279	0.18793	-0.030	0.039	1.000	0.035	1.000	6.805	0.324	0.273

