-10.0	-0.666	0.06562	0.002	0.904	0.002	0.986	0.006	-10.151	0.256	0.253
-9.5	-0.650	0.06096	0.002	0.898	0.002	0.987	0.007	-10.662	0.255	0.253
-9.0	-0.631	0.05734	0.002	0.891	0.002	0.988	0.007	-10.997	0.255	0.253
-8.5	-0.608	0.05361	0.002	0.884	0.002	0.989	0.007	-11.336	0.254	0.253
-8.0	-0.582	0.05059	0.002	0.875	0.003	0.990	0.007	-11.502	0.254	0.253
-7.5	-0.553	0.04744	0.002	0.865	0.003	0.990	0.007	-11.653	0.255	0.253
-7.0	-0.521	0.04472	0.002	0.855	0.004	0.991	0.007	-11.648	0.255	0.253
-6.5	-0.486	0.04206	0.001	0.842	0.004	0.991	0.006	-11.559	0.254	0.253
-6.0	-0.449	0.03979	0.001	0.828	0.004	0.992	0.006	-11.288	0.253	0.253
-5.5	-0.410	0.03758	0.001	0.812	0.004	0.992	0.007	-10.912	0.253	0.253
-5.0	-0.369	0.03574	0.001	0.794	0.004	0.993	0.007	-10.322	0.254	0.253
-4.5	-0.326	0.03407	0.001	0.773	0.004	0.993	0.007	-9.574	0.254	0.253
-4.0	-0.282	0.03260	0.001	0.750	0.005	0.994	0.008	-8.649	0.254	0.252
-3.5	-0.237	0.03164	0.001	0.723	0.005	0.994	0.008	-7.480	0.254	0.252
-3.0	-0.190	0.03059	0.000	0.693	0.005	0.994	0.009	-6.224	0.254	0.252
-2.5	-0.143	0.02972	0.000	0.661	0.005	0.994	0.010	-4.823	0.254	0.251
-2.0	-0.096	0.02906	-0.000	0.627	0.006	0.994	0.011	-3.298	0.254	0.250
-1.5	-0.048	0.02862	-0.000	0.589	0.006	0.995	0.012	-1.675	0.254	0.245
-1.0	0.000	0.02833	-0.000	0.551	0.007	0.995	0.013	0.008	0.255	0.250
-0.5	0.049	0.02828	-0.001	0.513	0.008	0.995	0.013	1.717	0.254	0.264
0.0	0.121	0.00411	-0.001	0.473	0.009	0.995	0.014	29.324	0.254	0.257
0.5	0.181	0.00425	-0.001	0.434	0.010	0.995	0.017	42.472	0.269	0.256
1.0	0.240	0.00938	-0.003	0.396	0.011	0.995	0.996	25.625	0.272	0.263
1.5	0.300	0.01176	-0.004	0.053	0.013	0.994	0.996	25.531	0.260	0.262
2.0	0.360	0.01185	-0.004	0.051	0.016	0.994	0.997	30.367	0.260	0.262
2.5	0.419	0.00986	-0.005	0.048	0.781	0.994	0.998	42.499	0.260	0.262
3.0	0.478	0.00929	-0.005	0.046	0.803	0.994	0.998	51.453	0.260	0.261
3.5	0.537	0.00952	-0.006	0.045	0.823	0.994	0.998	56.400	0.260	0.261
4.0	0.595	0.00977	-0.007	0.043	0.840	0.993	0.998	60.957	0.261	0.261
4.5	0.653	0.01005	-0.007	0.042	0.856	0.993	0.999	65.039	0.261	0.261
5.0	0.711	0.01060	-0.008	0.039	0.870	0.992	1.000	67.049	0.261	0.261
5.5	0.767	0.01094	-0.009	0.037	0.882	0.991	1.000	70.126	0.262	0.261
6.0	0.823	0.01132	-0.009	0.036	0.893	0.990	1.000	72.694	0.262	0.261
6.5	0.878	0.01091	-0.010	0.034	0.904	0.987	1.000	80.435	0.262	0.261
7.0	0.932	0.01131	-0.011	0.033	0.913	0.984	1.000	82.370	0.263	0.261
7.5	0.984	0.01287	-0.011	0.032	0.922	0.980	1.000	76.471	0.263	0.261
8.0	1.035	0.01335	-0.012	0.031	0.930	0.974	1.000	77.552	0.263	0.262
8.5	1.085	0.01389	-0.013	0.031	0.937	0.967	1.000	78.122	0.264	0.262
9.0	1.132	0.01455	-0.013	0.030	0.944	0.956	1.000	77.809	0.265	0.262
9.5	1.176	0.01530	-0.014	0.029	0.950	0.942	1.000	76.834	0.266	0.262
10.0	1.216	0.01627	-0.015	0.027	0.957	0.921	1.000	74.713	0.267	0.262
10.5	1.251	0.01750	-0.015	0.025	0.963	0.890	1.000	71.494	0.268	0.262
11.0	1.281	0.01913	-0.016	0.024	0.969	0.849	1.000	66.990	0.270	0.262
11.5	1.304	0.02151	-0.016	0.022	0.976	0.791	1.000	60.627	0.274	0.263
12.0	1.317	0.02518	-0.017	0.021	1.000	0.714	1.000	52.315	0.289	0.263
12.5	1.319	0.03138	-0.017	0.020	1.000	0.613	1.000	42.031	0.217	0.263
13.0	1.312	0.04079	-0.017	0.019	1.000	0.498	1.000	32.166	0.262	0.263
13.5	1.298	0.05294	-0.017	0.018	1.000	0.384	1.000	24.528	0.271	0.263
14.0	1.284	0.06686	-0.016	0.018	1.000	0.281	1.000	19.197	0.278	0.263
14.5	1.274	0.07913	-0.016	0.016	1.000	0.215	1.000	16.105	0.272	0.263
15.0	1.265	0.08983	-0.016	0.014	1.000	0.172	1.000	14.078	0.259	0.263
15.5	1.255	0.09946	-0.016	0.013	1.000	0.143	1.000	12.617	0.247	0.263
16.0	1.245	0.10812	-0.016	0.012	1.000	0.125	1.000	11.512	0.241	0.263
16.5	1.232	0.11683	-0.016	0.010	1.000	0.109	1.000	10.543	0.241	0.263
17.0	1.216	0.12566	-0.016	0.009	1.000	0.097	1.000	9.679	0.238	0.263
17.5	1.199	0.13425	-0.016	0.008	1.000	0.090	1.000	8.933	0.237	0.264
18.0	1.179	0.14386	-0.017	0.006	1.000	0.083	1.000	8.199	0.239	0.264
18.5	1.157	0.15382	-0.017	0.004	1.000	0.076	1.000	7.525	0.240	0.265
19.0	1.134	0.16433	-0.017	0.002	1.000	0.071	1.000	6.898	0.240	0.265
19.5	1.108	0.17509	-0.017	0.001	1.000	0.066	1.000	6.327	0.240	0.266
20.0	1.081	0.18593	-0.018	0.001	1.000	0.062	1.000	5.814	0.240	0.266
20.5	1.053	0.19691	-0.018	-0.000	1.000	0.058	1.000	5.347	0.241	0.267
21.0	1.024	0.20844	-0.018	-0.001	1.000	0.055	1.000	4.913	0.239	0.268
21.5	0.995	0.22033	-0.019	-0.001	1.000	0.054	1.000	4.516	0.237	0.269
22.0	0.966	0.23231	-0.019	-0.002	1.000	0.053	1.000	4.156	0.237	0.270
22.5	0.932	0.24420	-0.019	-0.002	1.000	0.052	1.000	3.818	0.238	0.271
23.0	0.898	0.25730	-0.020	-0.002	1.000	0.051	1.000	3.488	0.239	0.272
23.5	0.863	0.27022	-0.020	-0.002	1.000	0.050	1.000	3.194	0.239	0.273
24.0	0.829	0.28234	-0.020	-0.002	1.000	0.049	1.000	2.937	0.239	0.275
24.5	0.796	0.29738	-0.021	-0.002	1.000	0.048	1.000	2.677	0.238	0.276
25.0	0.764	0.31168	-0.021	-0.002	1.000	0.047	1.000	2.451	0.238	0.278

