-10.0	-0.778	0.05864	0.004	0.846	0.009	0.991	0.042	-13.266	0.273	0.255
-9.5	-0.906	0.01432	0.007	0.836	0.009	0.991	0.937	-63.271	0.280	0.258
-9.0	-0.861	0.01375	0.006	0.822	0.010	0.992	0.946	-62.606	0.260	0.257
-8.5	-0.814	0.01323	0.006	0.809	0.010	0.992	0.953	-61.512	0.260	0.257
-8.0	-0.764	0.01273	0.005	0.794	0.010	0.992	0.959	-60.025	0.260	0.257
-7.5	-0.713	0.01225	0.005	0.777	0.011	0.993	0.964	-58.165	0.260	0.257
-7.0	-0.660	0.01184	0.004	0.758	0.011	0.993	0.968	-55.711	0.260	0.257
-6.5	-0.605	0.01147	0.004	0.738	0.012	0.993	0.972	-52.706	0.261	0.256
-6.0	-0.549	0.01112	0.003	0.716	0.013	0.993	0.975	-49.327	0.261	0.256
-5.5	-0.491	0.01080	0.003	0.692	0.014	0.994	0.978	-45.470	0.261	0.255
-5.0	-0.433	0.01053	0.002	0.666	0.015	0.994	0.980	-41.108	0.261	0.254
-4.5	-0.373	0.01030	0.001	0.639	0.016	0.994	0.982	-36.244	0.261	0.253
-4.0	-0.313	0.00871	0.001	0.611	0.017	0.994	0.984	-35.969	0.261	0.252
-3.5	-0.253	0.00863	-0.000	0.582	0.019	0.993	0.986	-29.289	0.262	0.249
-3.0	-0.192	0.00856	-0.001	0.552	0.021	0.993	0.987	-22.378	0.262	0.245
-2.5	-0.130	0.00852	-0.002	0.523	0.024	0.993	0.988	-15.292	0.262	0.238
-2.0	-0.069	0.00912	-0.002	0.494	0.027	0.993	0.990	-7.509	0.262	0.216
-1.5	-0.007	0.00907	-0.003	0.465	0.036	0.993	0.990	-0.727	0.263	-0.224
-1.0	0.055	0.00697	-0.004	0.436	0.496	0.992	0.993	7.953	0.263	0.321
-0.5	0.117	0.00744	-0.005	0.408	0.526	0.992	0.994	15.772	0.263	0.290
0.0	0.179	0.00749	-0.006	0.380	0.556	0.992	0.994	23.908	0.263	0.281
0.5	0.241	0.00757	-0.006	0.353	0.585	0.991	0.995	31.810	0.264	0.276
1.0	0.302	0.00772	-0.007	0.323	0.614	0.991	0.995	39.179	0.264	0.274
1.5	0.364	0.00791	-0.008	0.292	0.643	0.990	0.995	46.019	0.264	0.272
2.0	0.425	0.00757	-0.009	0.260	0.670	0.989	0.996	56.166	0.265	0.271
2.5	0.486	0.00784	-0.010	0.226	0.695	0.988	0.996	61.983	0.265	0.270
3.0	0.547	0.00901	-0.011	0.111	0.719	0.983	0.996	60.664	0.265	0.270
3.5	0.607	0.01048	-0.012	0.106	0.742	0.981	0.996	57.905	0.265	0.269
4.0	0.667	0.01073	-0.013	0.103	0.762	0.979	0.997	62.144	0.266	0.269
4.5	0.726	0.01103	-0.014	0.099	0.781	0.977	0.997	65.836	0.266	0.269
5.0	0.785	0.01135	-0.015	0.096	0.798	0.974	0.997	69.203	0.266	0.269
5.5	0.844	0.01193	-0.016	0.092	0.814	0.970	0.997	70.708	0.267	0.268
6.0	0.902	0.01231	-0.017	0.089	0.828	0.966	0.998	73.234	0.267	0.268
6.5	0.959	0.01274	-0.017	0.085	0.841	0.961	0.998	75.234	0.268	0.268
7.0	1.015	0.01320	-0.018	0.083	0.853	0.955	0.998	76.918	0.268	0.268
7.5	1.070	0.01392	-0.020	0.080	0.864	0.948	1.000	76.873	0.268	0.268
8.0	1.124	0.01442	-0.021	0.078	0.874	0.940	1.000	77.959	0.269	0.268
8.5	1.177	0.01504	-0.022	0.074	0.883	0.930	1.000	78.231	0.269	0.268
9.0	1.228	0.01571	-0.023	0.071	0.891	0.918	1.000	78.141	0.270	0.268
9.5	1.277	0.01644	-0.024	0.068	0.899	0.905	1.000	77.694	0.271	0.268
10.0	1.324	0.01729	-0.025	0.065	0.906	0.889	1.000	76.605	0.271	0.269
10.5	1.369	0.01824	-0.026	0.063	0.913	0.871	1.000	75.055	0.272	0.269
11.0	1.411	0.01945	-0.026	0.060	0.919	0.849	1.000	72.581	0.273	0.269
11.5	1.450	0.02097	-0.027	0.056	0.925	0.823	1.000	69.145	0.275	0.269
12.0	1.485	0.02274	-0.028	0.053	0.930	0.794	1.000	65.323	0.276	0.269
12.5	1.516	0.02490	-0.029	0.051	0.935	0.761	1.000	60.903	0.278	0.269
13.0	1.544	0.02748	-0.030	0.048	0.940	0.726	1.000	56.185	0.281	0.269
13.5	1.568	0.03069	-0.031	0.045	0.944	0.686	1.000	51.081	0.285	0.270
14.0	1.585	0.03480	-0.031	0.042	0.948	0.643	1.000	45.549	0.292	0.270
14.5	1.599	0.03965	-0.032	0.039	0.952	0.598	1.000	40.319	0.298	0.270
15.0	1.610	0.04510	-0.033	0.036	0.956	0.554	1.000	35.692	0.308	0.270
15.5	1.618	0.05147	-0.033	0.033	0.959	0.510	1.000	31.428	0.332	0.270
16.0	1.621	0.05875	-0.034	0.030	0.962	0.467	1.000	27.597	0.551	0.271
16.5	1.620	0.06686	-0.034	0.027	0.966	0.425	1.000	24.236	0.061	0.271
17.0	1.617	0.07545	-0.034	0.024	0.969	0.386	1.000	21.437	0.163	0.271
17.5	1.612	0.08463	-0.035	0.021	0.971	0.351	1.000	19.050	0.196	0.271
18.0	1.605	0.09420	-0.035	0.018	0.975	0.319	1.000	17.042	0.208	0.272
18.5	1.597	0.10398	-0.035	0.016	0.978	0.291	1.000	15.357	0.217	0.272
19.0	1.586	0.11435	-0.036	0.013	0.981	0.265	1.000	13.872	0.219	0.272
19.5	1.575	0.12424	-0.036	0.011	0.989	0.244	1.000	12.677	0.217	0.273
20.0	1.563	0.13387	-0.036	0.010	1.000	0.227	1.000	11.673	0.219	0.273
20.5	1.548	0.14395	-0.037	0.008	1.000	0.212	1.000	10.756	0.222	0.274
21.0	1.533	0.15406	-0.037	0.007	1.000	0.199	1.000	9.949	0.224	0.274
21.5	1.515	0.16453	-0.038	0.006	1.000	0.187	1.000	9.210	0.225	0.275
22.0	1.495	0.17439	-0.038	0.005	1.000	0.177	1.000	8.572	0.228	0.276
22.5	1.470	0.18481	-0.039	0.004	1.000	0.168	1.000	7.955	0.229	0.276
23.0	1.445	0.19505	-0.039	0.004	1.000	0.161	1.000	7.407	0.229	0.277
23.5	1.418	0.20539	-0.040	0.003	1.000	0.154	1.000	6.903	0.231	0.278
24.0	1.390	0.21624	-0.040	0.003	1.000	0.148	1.000	6.427	0.231	0.279
24.5	1.361	0.22711	-0.041	0.002	1.000	0.142	1.000	5.993	0.231	0.280
25.0	1.332	0.23823	-0.041	0.002	1.000	0.137	1.000	5.590	0.231	0.281

