-10.0	-0.667	0.07125	0.005	0.888	0.007	0.993	0.018	-9.367	0.249	0.257
-9.5	-0.647	0.06661	0.005	0.863	0.007	0.994	0.020	-9.709	0.250	0.258
-9.0	-0.623	0.06247	0.005	0.828	0.007	0.995	0.021	-9.972	0.251	0.258
-8.5	-0.596	0.05860	0.005	0.784	0.008	0.996	0.023	-10.174	0.250	0.258
-8.0	-0.567	0.05481	0.005	0.733	0.008	0.996	0.025	-10.343	0.251	0.259
-7.5	-0.535	0.05157	0.005	0.683	0.008	0.997	0.027	-10.370	0.251	0.259
-7.0	-0.500	0.04843	0.005	0.634	0.009	0.997	0.031	-10.329	0.251	0.260
-6.5	-0.464	0.04550	0.005	0.586	0.010	0.997	0.035	-10.187	0.251	0.260
-6.0	-0.424	0.04281	0.005	0.534	0.011	0.997	0.039	-9.903	0.250	0.261
-5.5	-0.383	0.04020	0.005	0.477	0.011	0.997	0.049	-9.533	0.248	0.263
-5.0	-0.342	0.03729	0.005	0.445	0.012	0.997	0.068	-9.163	0.244	0.264
-4.5	-0.302	0.03253	0.005	0.429	0.013	0.997	0.128	-9.270	0.168	0.268
-4.0	-0.309	0.01173	0.008	0.415	0.014	0.997	0.993	-26.332	0.213	0.275
-3.5	-0.252	0.01159	0.007	0.404	0.016	0.997	0.994	-21.713	0.258	0.278
-3.0	-0.194	0.01230	0.007	0.393	0.018	0.997	0.994	-15.759	0.258	0.285
-2.5	-0.135	0.01213	0.006	0.383	0.021	0.996	0.994	-11.137	0.258	0.296
-2.0	-0.076	0.01196	0.006	0.374	0.023	0.996	0.995	-6.330	0.259	0.326
-1.5	-0.016	0.01181	0.005	0.364	0.028	0.996	0.995	-1.352	0.259	0.575
-1.0	0.044	0.01168	0.005	0.354	0.034	0.996	0.995	3.775	0.259	0.145
-0.5	0.104	0.01162	0.004	0.345	0.041	0.996	0.996	8.978	0.260	0.211
0.0	0.165	0.01153	0.003	0.336	0.055	0.996	0.996	14.283	0.260	0.229
0.5	0.225	0.01143	0.003	0.328	0.081	0.996	0.996	19.670	0.261	0.237
1.0	0.285	0.00839	0.002	0.319	0.862	0.995	0.988	33.942	0.261	0.242
1.5	0.345	0.00856	0.002	0.310	0.869	0.995	0.988	40.301	0.261	0.246
2.0	0.405	0.00877	0.001	0.302	0.876	0.994	0.988	46.131	0.262	0.248
2.5	0.464	0.00848	0.000	0.294	0.882	0.994	0.989	54.805	0.262	0.250
3.0	0.524	0.00874	-0.001	0.285	0.888	0.992	0.989	59.988	0.262	0.251
3.5	0.583	0.00900	-0.001	0.277	0.894	0.991	0.989	64.797	0.263	0.252
4.0	0.643	0.00948	-0.002	0.268	0.899	0.989	0.989	67.766	0.263	0.253
4.5	0.701	0.00927	-0.003	0.259	0.905	0.987	0.989	75.691	0.264	0.254
5.0	0.760	0.00912	-0.004	0.251	0.909	0.983	0.989	83.289	0.264	0.255
5.5	0.818	0.01089	-0.005	0.241	0.913	0.978	0.990	75.076	0.264	0.256
6.0	0.875	0.01132	-0.005	0.232	0.918	0.970	0.990	77.240	0.265	0.256
6.5	0.931	0.01181	-0.006	0.223	0.922	0.960	0.990	78.801	0.265	0.257
7.0	0.985	0.01237	-0.007	0.213	0.925	0.946	0.990	79.654	0.266	0.257
7.5	1.037	0.01301	-0.008	0.203	0.929	0.928	0.991	79.723	0.267	0.258
8.0	1.086	0.01381	-0.009	0.192	0.933	0.905	0.991	78.657	0.268	0.258
8.5	1.133	0.01477	-0.010	0.181	0.936	0.877	0.991	76.669	0.269	0.259
9.0	1.175	0.01601	-0.011	0.169	0.939	0.844	0.992	73.395	0.271	0.259
9.5	1.215	0.01756	-0.011	0.155	0.942	0.809	0.992	69.179	0.272	0.259
10.0	1.251	0.01950	-0.012	0.140	0.946	0.771	0.992	64.132	0.274	0.260
10.5	1.283	0.02203	-0.013	0.122	0.948	0.730	0.993	58.228	0.277	0.260
11.0	1.310	0.02582	-0.014	0.092	0.951	0.681	0.994	50.728	0.286	0.261
11.5	1.319	0.03504	-0.014	0.016	0.954	0.589	0.995	37.647	0.291	0.261
12.0	1.343	0.03884	-0.015	0.011	0.957	0.560	0.995	34.564	0.287	0.261
12.5	1.364	0.04248	-0.016	0.009	0.959	0.537	0.997	32.103	0.293	0.262
13.0	1.381	0.04644	-0.017	0.007	0.961	0.515	1.000	29.741	0.304	0.262
13.5	1.395	0.05073	-0.018	0.005	0.963	0.494	1.000	27.491	0.320	0.263
14.0	1.405	0.05514	-0.018	0.005	0.966	0.474	1.000	25.476	0.351	0.263
14.5	1.411	0.05988	-0.019	0.004	0.968	0.455	1.000	23.569	0.430	0.264
15.0	1.414	0.06474	-0.020	0.004	0.970	0.438	1.000	21.844	1.233	0.264
15.5	1.413	0.07008	-0.021	0.003	0.972	0.421	1.000	20.162	0.000	0.265
16.0	1.408	0.07601	-0.022	0.003	0.974	0.403	1.000	18.518	0.138	0.265
16.5	1.399	0.08229	-0.023	0.002	0.976	0.385	1.000	16.997	0.180	0.266
17.0	1.385	0.08945	-0.023	0.002	0.978	0.365	1.000	15.489	0.203	0.267
17.5	1.368	0.09761	-0.024	0.002	0.980	0.342	1.000	14.015	0.220	0.268
18.0	1.342	0.10691	-0.025	0.002	0.982	0.316	1.000	12.552	0.230	0.268
18.5	1.312	0.11734	-0.025	0.001	0.984	0.288	1.000	11.179	0.241	0.269
19.0	1.274	0.13201	-0.025	0.001	0.986	0.242	1.000	9.648	0.254	0.270
19.5	1.231	0.15016	-0.025	0.001	0.989	0.186	1.000	8.196	0.268	0.270
20.0	1.184	0.17142	-0.024	0.001	1.000	0.121	1.000	6.907	0.275	0.270

