-10.0	-0.827	0.06082	0.005	0.866	0.003	0.986	0.009	-13.597	0.257	0.256
-9.5	-0.792	0.05724	0.005	0.858	0.004	0.987	0.009	-13.828	0.258	0.256
-9.0	-0.754	0.05398	0.005	0.848	0.005	0.988	0.008	-13.968	0.257	0.256
-8.5	-0.715	0.05086	0.004	0.838	0.005	0.988	0.008	-14.055	0.255	0.256
-8.0	-0.674	0.04822	0.004	0.826	0.005	0.989	0.009	-13.979	0.255	0.256
-7.5	-0.632	0.04549	0.004	0.814	0.005	0.990	0.009	-13.890	0.254	0.256
-7.0	-0.588	0.04300	0.004	0.800	0.005	0.990	0.010	-13.685	0.255	0.256
-6.5	-0.544	0.04070	0.004	0.784	0.005	0.990	0.011	-13.358	0.255	0.257
-6.0	-0.498	0.03863	0.003	0.766	0.006	0.991	0.011	-12.887	0.255	0.257
-5.5	-0.451	0.03672	0.003	0.747	0.006	0.991	0.013	-12.290	0.255	0.257
-5.0	-0.404	0.03502	0.003	0.725	0.007	0.992	0.013	-11.531	0.256	0.257
-4.5	-0.355	0.03353	0.003	0.702	0.007	0.992	0.014	-10.595	0.256	0.257
-4.0	-0.306	0.03220	0.002	0.676	0.008	0.992	0.015	-9.516	0.256	0.258
-3.5	-0.257	0.03103	0.002	0.647	0.008	0.992	0.017	-8.295	0.256	0.258
-3.0	-0.208	0.03007	0.002	0.618	0.009	0.992	0.018	-6.922	0.256	0.258
-2.5	-0.159	0.02931	0.001	0.587	0.010	0.992	0.019	-5.417	0.242	0.259
-2.0	-0.135	0.00908	0.002	0.555	0.011	0.992	0.987	-14.910	0.248	0.267
-1.5	-0.074	0.00909	0.002	0.523	0.012	0.992	0.988	-8.106	0.263	0.271
-1.0	-0.012	0.00974	0.001	0.491	0.013	0.992	0.989	-1.217	0.263	0.313
-0.5	0.050	0.00979	-0.000	0.459	0.015	0.991	0.990	5.117	0.263	0.251
0.0	0.112	0.00985	-0.001	0.427	0.020	0.991	0.991	11.379	0.263	0.258
0.5	0.174	0.00769	-0.002	0.397	0.571	0.991	0.994	22.625	0.264	0.260
1.0	0.236	0.00820	-0.003	0.367	0.603	0.990	0.994	28.761	0.264	0.261
1.5	0.297	0.00836	-0.003	0.336	0.634	0.990	0.994	35.545	0.264	0.261
2.0	0.359	0.00852	-0.004	0.307	0.663	0.989	0.995	42.111	0.264	0.262
2.5	0.419	0.00928	-0.005	0.054	0.691	0.983	0.995	45.188	0.264	0.262
3.0	0.480	0.01147	-0.006	0.051	0.716	0.981	0.995	41.832	0.265	0.263
3.5	0.540	0.01176	-0.007	0.048	0.739	0.979	0.995	45.953	0.265	0.263
4.0	0.600	0.01208	-0.008	0.045	0.760	0.976	0.996	49.684	0.265	0.263
4.5	0.660	0.01243	-0.009	0.043	0.780	0.973	0.996	53.073	0.265	0.263
5.0	0.718	0.01283	-0.010	0.041	0.798	0.969	0.996	55.973	0.266	0.263
5.5	0.776	0.01328	-0.011	0.039	0.814	0.964	0.996	58.409	0.266	0.264
6.0	0.833	0.01378	-0.011	0.037	0.828	0.959	0.997	60.438	0.266	0.264
6.5	0.888	0.01432	-0.012	0.035	0.841	0.952	0.997	62.056	0.267	0.264
7.0	0.943	0.01532	-0.013	0.034	0.853	0.944	1.000	61.546	0.267	0.264
7.5	0.996	0.01589	-0.014	0.033	0.863	0.935	1.000	62.696	0.268	0.264
8.0	1.048	0.01656	-0.015	0.031	0.873	0.923	1.000	63.264	0.268	0.264
8.5	1.098	0.01716	-0.016	0.030	0.882	0.910	1.000	63.990	0.269	0.265
9.0	1.146	0.01798	-0.017	0.029	0.890	0.894	1.000	63.723	0.269	0.265
9.5	1.190	0.01889	-0.018	0.029	0.898	0.876	1.000	63.022	0.270	0.265
10.0	1.232	0.02007	-0.019	0.027	0.905	0.853	1.000	61.359	0.271	0.265
10.5	1.270	0.02156	-0.020	0.025	0.911	0.825	1.000	58.888	0.273	0.265
11.0	1.305	0.02331	-0.020	0.024	0.918	0.793	1.000	55.961	0.274	0.266
11.5	1.336	0.02549	-0.021	0.022	0.923	0.757	1.000	52.401	0.275	0.266
12.0	1.363	0.02822	-0.022	0.021	0.929	0.717	1.000	48.289	0.277	0.266
12.5	1.386	0.03160	-0.023	0.020	0.934	0.671	1.000	43.864	0.281	0.266
13.0	1.404	0.03574	-0.023	0.019	0.938	0.623	1.000	39.281	0.287	0.266
13.5	1.416	0.04106	-0.024	0.019	0.943	0.569	1.000	34.474	0.296	0.267
14.0	1.424	0.04729	-0.024	0.018	0.948	0.515	1.000	30.120	0.307	0.267
14.5	1.429	0.05457	-0.024	0.017	0.951	0.460	1.000	26.194	0.337	0.267
15.0	1.431	0.06305	-0.025	0.016	0.956	0.404	1.000	22.695	0.499	0.267
15.5	1.431	0.07250	-0.025	0.015	0.959	0.353	1.000	19.738	0.089	0.267
16.0	1.429	0.08265	-0.025	0.014	0.963	0.305	1.000	17.292	0.231	0.267
16.5	1.425	0.09373	-0.025	0.012	0.967	0.260	1.000	15.200	0.246	0.268
17.0	1.417	0.10444	-0.025	0.011	0.970	0.224	1.000	13.565	0.246	0.268
17.5	1.407	0.11514	-0.025	0.011	0.974	0.193	1.000	12.224	0.238	0.268
18.0	1.399	0.12461	-0.025	0.010	0.979	0.173	1.000	11.227	0.239	0.268
18.5	1.387	0.13502	-0.025	0.009	1.000	0.151	1.000	10.274	0.243	0.268
19.0	1.375	0.14508	-0.025	0.008	1.000	0.135	1.000	9.478	0.243	0.268
19.5	1.360	0.15588	-0.025	0.008	1.000	0.119	1.000	8.727	0.240	0.269
20.0	1.346	0.16528	-0.026	0.007	1.000	0.109	1.000	8.143	0.232	0.269

