-10.0	-0.971	0.01948	0.021	0.658	0.021	0.994	0.883	-49.849	0.258	0.271
-9.5	-0.931	0.01822	0.021	0.629	0.022	0.994	0.924	-51.101	0.259	0.272
-9.0	-0.884	0.01743	0.020	0.599	0.023	0.994	0.941	-50.731	0.260	0.273
-8.5	-0.834	0.01650	0.020	0.569	0.025	0.994	0.951	-50.529	0.260	0.274
-8.0	-0.781	0.01598	0.019	0.538	0.026	0.994	0.957	-48.868	0.261	0.274
-7.5	-0.727	0.01553	0.018	0.505	0.028	0.993	0.962	-46.788	0.261	0.275
-7.0	-0.671	0.01513	0.018	0.475	0.030	0.993	0.966	-44.345	0.261	0.277
-6.5	-0.614	0.01472	0.017	0.452	0.032	0.993	0.969	-41.724	0.262	0.278
-6.0	-0.556	0.01434	0.016	0.439	0.034	0.992	0.972	-38.784	0.262	0.280
-5.5	-0.497	0.01400	0.016	0.427	0.037	0.992	0.974	-35.507	0.262	0.282
-5.0	-0.438	0.01367	0.015	0.416	0.040	0.991	0.976	-32.003	0.263	0.284
-4.5	-0.377	0.01336	0.014	0.407	0.044	0.991	0.978	-28.224	0.263	0.288
-4.0	-0.316	0.01311	0.013	0.397	0.049	0.990	0.980	-24.118	0.264	0.292
-3.5	-0.255	0.01288	0.013	0.388	0.054	0.990	0.981	-19.768	0.264	0.299
-3.0	-0.193	0.00998	0.012	0.380	0.061	0.989	0.983	-19.311	0.264	0.311
-2.5	-0.131	0.01055	0.011	0.371	0.071	0.988	0.984	-12.370	0.265	0.332
-2.0	-0.068	0.01042	0.010	0.363	0.084	0.987	0.985	-6.531	0.265	0.395
-1.5	-0.005	0.01032	0.009	0.355	0.104	0.985	0.986	-0.515	0.265	1.920
-1.0	0.057	0.00851	0.008	0.347	0.723	0.984	0.982	6.751	0.266	0.113
-0.5	0.120	0.00950	0.007	0.339	0.738	0.982	0.982	12.662	0.266	0.193
0.0	0.183	0.00961	0.006	0.331	0.752	0.980	0.982	19.027	0.267	0.218
0.5	0.245	0.00976	0.005	0.324	0.765	0.977	0.982	25.142	0.267	0.230
1.0	0.308	0.00992	0.004	0.316	0.777	0.974	0.982	30.997	0.268	0.238
1.5	0.370	0.01012	0.003	0.308	0.788	0.970	0.982	36.512	0.268	0.243
2.0	0.431	0.01033	0.001	0.301	0.798	0.966	0.982	41.740	0.269	0.247
2.5	0.493	0.01059	0.000	0.293	0.808	0.961	0.982	46.549	0.269	0.249
3.0	0.554	0.01087	-0.001	0.285	0.817	0.954	0.982	50.949	0.269	0.252
3.5	0.614	0.01118	-0.002	0.278	0.825	0.947	0.982	54.945	0.270	0.253
4.0	0.674	0.01154	-0.003	0.270	0.833	0.938	0.982	58.458	0.270	0.255
4.5	0.734	0.01194	-0.004	0.262	0.839	0.927	0.982	61.462	0.271	0.256
5.0	0.792	0.01238	-0.006	0.255	0.846	0.915	0.982	64.036	0.271	0.257
5.5	0.850	0.01287	-0.007	0.248	0.853	0.902	0.982	66.058	0.272	0.258
6.0	0.907	0.01346	-0.008	0.239	0.859	0.886	0.982	67.380	0.273	0.259
6.5	0.963	0.01412	-0.010	0.232	0.865	0.869	0.982	68.214	0.273	0.260
7.0	1.018	0.01486	-0.011	0.224	0.871	0.851	0.982	68.486	0.274	0.261
7.5	1.071	0.01573	-0.012	0.216	0.875	0.831	0.982	68.096	0.274	0.261
8.0	1.124	0.01671	-0.013	0.208	0.880	0.810	0.983	67.246	0.275	0.262
8.5	1.175	0.01784	-0.015	0.199	0.885	0.789	0.983	65.872	0.275	0.262
9.0	1.225	0.01916	-0.016	0.190	0.890	0.766	0.983	63.948	0.276	0.263
9.5	1.274	0.02060	-0.017	0.182	0.894	0.744	0.983	61.822	0.277	0.264
10.0	1.321	0.02200	-0.019	0.173	0.898	0.722	0.983	60.014	0.278	0.264
10.5	1.366	0.02409	-0.020	0.164	0.902	0.701	0.983	56.702	0.279	0.264
11.0	1.410	0.02593	-0.021	0.154	0.906	0.679	0.984	54.380	0.280	0.265
11.5	1.452	0.02826	-0.022	0.144	0.909	0.657	0.984	51.375	0.281	0.265
12.0	1.492	0.03086	-0.024	0.133	0.913	0.636	0.984	48.365	0.282	0.266
12.5	1.531	0.03373	-0.025	0.122	0.917	0.615	0.984	45.380	0.284	0.266
13.0	1.567	0.03697	-0.026	0.111	0.920	0.595	0.984	42.382	0.285	0.267
13.5	1.601	0.04060	-0.027	0.098	0.923	0.574	0.985	39.440	0.288	0.267
14.0	1.633	0.04471	-0.029	0.084	0.926	0.553	0.985	36.519	0.291	0.268
14.5	1.661	0.04921	-0.030	0.071	0.929	0.533	0.985	33.761	0.294	0.268
15.0	1.688	0.05412	-0.031	0.058	0.932	0.513	0.985	31.186	0.297	0.268
15.5	1.713	0.05919	-0.032	0.047	0.934	0.495	0.986	28.935	0.301	0.269
16.0	1.735	0.06447	-0.033	0.038	0.937	0.478	0.986	26.916	0.306	0.269
16.5	1.756	0.06997	-0.035	0.030	0.939	0.463	0.987	25.100	0.311	0.270
17.0	1.776	0.07506	-0.036	0.026	0.942	0.450	0.987	23.655	0.322	0.270
17.5	1.791	0.08064	-0.037	0.022	0.944	0.438	0.987	22.207	0.341	0.271
18.0	1.803	0.08611	-0.038	0.019	0.947	0.427	0.988	20.937	0.365	0.271
18.5	1.813	0.09178	-0.040	0.017	0.948	0.417	0.988	19.750	0.402	0.272
19.0	1.819	0.09799	-0.041	0.015	0.950	0.406	0.989	18.567	0.478	0.273
19.5	1.824	0.10425	-0.042	0.013	0.953	0.395	0.989	17.492	0.672	0.273
20.0	1.825	0.11074	-0.043	0.012	0.955	0.385	0.990	16.482	4.448	0.274
20.5	1.824	0.11755	-0.045	0.011	0.957	0.375	0.990	15.517	-0.294	0.274
21.0	1.821	0.12464	-0.046	0.010	0.959	0.366	0.990	14.608	-0.005	0.275
21.5	1.815	0.13207	-0.047	0.009	0.960	0.356	0.991	13.740	0.084	0.276
22.0	1.806	0.13985	-0.048	0.008	0.962	0.346	0.992	12.917	0.126	0.277
22.5	1.796	0.14791	-0.049	0.008	0.964	0.336	0.992	12.141	0.152	0.278
23.0	1.783	0.15643	-0.051	0.007	0.966	0.326	0.993	11.397	0.167	0.278
23.5	1.768	0.16526	-0.052	0.007	0.967	0.317	0.994	10.700	0.176	0.279
24.0	1.752	0.17469	-0.053	0.006	0.969	0.307	1.000	10.028	0.187	0.280
24.5	1.733	0.18426	-0.054	0.006	0.970	0.297	1.000	9.403	0.200	0.281
25.0	1.709	0.19431	-0.055	0.005	0.972	0.288	1.000	8.795	0.205	0.282

