-10.0	-0.729	0.06246	-0.000	0.885	0.009	0.990	0.040	-11.667	0.257	0.250
-9.5	-0.698	0.05842	-0.000	0.877	0.009	0.990	0.044	-11.955	0.257	0.249
-9.0	-0.666	0.05459	-0.001	0.868	0.010	0.991	0.049	-12.192	0.257	0.249
-8.5	-0.631	0.05075	-0.001	0.857	0.011	0.991	0.057	-12.434	0.258	0.249
-8.0	-0.596	0.04636	-0.001	0.845	0.011	0.992	0.077	-12.855	0.217	0.248
-7.5	-0.678	0.01248	-0.002	0.832	0.012	0.992	0.973	-54.319	0.195	0.246
-7.0	-0.627	0.01211	-0.003	0.817	0.013	0.993	0.977	-51.798	0.259	0.245
-6.5	-0.575	0.01173	-0.003	0.800	0.013	0.994	0.980	-48.971	0.259	0.244
-6.0	-0.520	0.01006	-0.004	0.781	0.014	0.994	0.983	-51.734	0.259	0.242
-5.5	-0.465	0.00986	-0.004	0.760	0.015	0.994	0.985	-47.149	0.260	0.240
-5.0	-0.408	0.00963	-0.005	0.736	0.017	0.994	0.987	-42.351	0.260	0.238
-4.5	-0.350	0.00942	-0.006	0.710	0.018	0.995	0.988	-37.161	0.260	0.234
-4.0	-0.292	0.01002	-0.006	0.681	0.020	0.995	0.990	-29.098	0.260	0.229
-3.5	-0.232	0.00984	-0.007	0.650	0.022	0.995	0.991	-23.609	0.260	0.221
-3.0	-0.172	0.00975	-0.007	0.615	0.025	0.995	0.991	-17.668	0.260	0.207
-2.5	-0.112	0.00973	-0.008	0.577	0.029	0.995	0.992	-11.512	0.261	0.178
-2.0	-0.051	0.00973	-0.009	0.538	0.033	0.995	0.993	-5.270	0.261	0.081
-1.5	0.010	0.00978	-0.009	0.499	0.041	0.995	0.994	0.986	0.261	1.218
-1.0	0.071	0.00793	-0.010	0.458	0.588	0.994	0.995	8.921	0.261	0.391
-0.5	0.132	0.00806	-0.011	0.416	0.624	0.994	0.995	16.348	0.262	0.331
0.0	0.193	0.00827	-0.011	0.372	0.657	0.994	0.996	23.316	0.262	0.309
0.5	0.254	0.00794	-0.012	0.319	0.687	0.994	0.996	31.960	0.262	0.298
1.0	0.314	0.00878	-0.013	0.202	0.716	0.992	0.996	35.808	0.262	0.291
1.5	0.375	0.00894	-0.014	0.187	0.742	0.992	0.996	41.963	0.263	0.286
2.0	0.435	0.00912	-0.014	0.180	0.766	0.991	0.996	47.767	0.263	0.283
2.5	0.496	0.00930	-0.015	0.173	0.786	0.990	0.996	53.319	0.263	0.281
3.0	0.556	0.00885	-0.016	0.167	0.805	0.989	0.996	62.832	0.263	0.279
3.5	0.616	0.00907	-0.017	0.160	0.822	0.988	0.996	67.856	0.264	0.277
4.0	0.675	0.00932	-0.018	0.154	0.837	0.986	0.996	72.459	0.264	0.276
4.5	0.734	0.00961	-0.018	0.149	0.851	0.984	0.996	76.436	0.264	0.275
5.0	0.793	0.00923	-0.019	0.143	0.863	0.982	0.996	85.941	0.265	0.274
5.5	0.851	0.01153	-0.020	0.137	0.874	0.979	0.996	73.826	0.265	0.274
6.0	0.909	0.01194	-0.021	0.132	0.883	0.976	0.996	76.159	0.265	0.273
6.5	0.966	0.01238	-0.022	0.127	0.892	0.971	0.996	78.061	0.265	0.273
7.0	1.022	0.01289	-0.023	0.121	0.900	0.966	0.996	79.299	0.266	0.272
7.5	1.078	0.01344	-0.024	0.115	0.907	0.959	0.996	80.183	0.266	0.272
8.0	1.131	0.01404	-0.025	0.110	0.914	0.951	0.996	80.599	0.267	0.272
8.5	1.184	0.01472	-0.025	0.104	0.920	0.941	0.996	80.396	0.267	0.271
9.0	1.233	0.01550	-0.026	0.098	0.926	0.928	0.997	79.577	0.268	0.271
9.5	1.280	0.01638	-0.027	0.092	0.931	0.912	0.997	78.183	0.269	0.271
10.0	1.324	0.01766	-0.028	0.085	0.936	0.892	1.000	75.004	0.270	0.271
10.5	1.364	0.01883	-0.029	0.078	0.940	0.866	1.000	72.411	0.271	0.271
11.0	1.399	0.02044	-0.030	0.072	0.945	0.835	1.000	68.443	0.272	0.271
11.5	1.429	0.02265	-0.030	0.064	0.949	0.794	1.000	63.091	0.273	0.271
12.0	1.452	0.02565	-0.031	0.056	0.952	0.744	1.000	56.600	0.276	0.271
12.5	1.468	0.02985	-0.031	0.047	0.956	0.683	1.000	49.170	0.278	0.271
13.0	1.478	0.03550	-0.032	0.037	0.959	0.616	1.000	41.624	0.281	0.271
13.5	1.483	0.04258	-0.032	0.028	0.962	0.547	1.000	34.839	0.285	0.271
14.0	1.488	0.05040	-0.032	0.021	0.966	0.485	1.000	29.518	0.292	0.271
14.5	1.491	0.05868	-0.032	0.015	0.968	0.432	1.000	25.412	0.304	0.271
15.0	1.496	0.06596	-0.032	0.012	0.971	0.395	1.000	22.685	0.354	0.272
15.5	1.497	0.07385	-0.033	0.010	0.974	0.360	1.000	20.268	-0.111	0.272
16.0	1.495	0.08157	-0.033	0.008	0.977	0.332	1.000	18.323	0.133	0.272
16.5	1.491	0.08914	-0.033	0.007	0.979	0.309	1.000	16.723	0.178	0.272
17.0	1.484	0.09701	-0.034	0.006	0.982	0.288	1.000	15.296	0.200	0.273
17.5	1.475	0.10505	-0.034	0.005	0.985	0.269	1.000	14.037	0.212	0.273
18.0	1.463	0.11338	-0.035	0.004	0.988	0.253	1.000	12.902	0.217	0.274
18.5	1.449	0.12154	-0.035	0.004	1.000	0.239	1.000	11.921	0.220	0.274
19.0	1.433	0.12997	-0.035	0.003	1.000	0.226	1.000	11.022	0.223	0.275
19.5	1.414	0.13866	-0.036	0.003	1.000	0.215	1.000	10.199	0.226	0.275
20.0	1.394	0.14762	-0.036	0.003	1.000	0.205	1.000	9.441	0.227	0.276

