-10.0	-0.937	0.01633	0.003	0.855	0.013	0.990	0.912	-57.366	0.261	0.253
-9.5	-0.894	0.01553	0.002	0.844	0.014	0.990	0.929	-57.605	0.261	0.253
-9.0	-0.848	0.01483	0.002	0.833	0.015	0.991	0.941	-57.208	0.261	0.252
-8.5	-0.800	0.01421	0.001	0.820	0.015	0.991	0.950	-56.300	0.261	0.252
-8.0	-0.749	0.01365	0.001	0.806	0.016	0.992	0.957	-54.915	0.261	0.251
-7.5	-0.697	0.01313	0.000	0.790	0.017	0.992	0.963	-53.088	0.261	0.250
-7.0	-0.643	0.01266	-0.000	0.773	0.018	0.992	0.968	-50.810	0.261	0.250
-6.5	-0.588	0.01222	-0.001	0.753	0.020	0.993	0.972	-48.082	0.261	0.248
-6.0	-0.531	0.01186	-0.002	0.732	0.021	0.993	0.975	-44.790	0.261	0.247
-5.5	-0.473	0.01151	-0.002	0.708	0.023	0.993	0.978	-41.110	0.261	0.245
-5.0	-0.415	0.01122	-0.003	0.681	0.025	0.993	0.980	-36.968	0.262	0.243
-4.5	-0.355	0.00889	-0.004	0.653	0.027	0.993	0.983	-39.925	0.262	0.240
-4.0	-0.295	0.00939	-0.004	0.622	0.031	0.994	0.984	-31.390	0.262	0.235
-3.5	-0.234	0.00929	-0.005	0.591	0.034	0.993	0.986	-25.220	0.262	0.229
-3.0	-0.173	0.00922	-0.006	0.557	0.040	0.993	0.987	-18.782	0.262	0.217
-2.5	-0.112	0.00914	-0.007	0.524	0.051	0.993	0.989	-12.223	0.263	0.191
-2.0	-0.050	0.00759	-0.007	0.491	0.470	0.993	0.992	-6.586	0.263	0.103
-1.5	0.012	0.00761	-0.008	0.456	0.502	0.992	0.993	1.571	0.263	0.932
-1.0	0.074	0.00765	-0.009	0.423	0.534	0.992	0.994	9.662	0.263	0.371
-0.5	0.136	0.00819	-0.010	0.388	0.566	0.991	0.994	16.588	0.264	0.322
0.0	0.198	0.00831	-0.011	0.353	0.599	0.991	0.994	23.778	0.264	0.304
0.5	0.259	0.00849	-0.012	0.313	0.630	0.990	0.994	30.530	0.264	0.295
1.0	0.321	0.00827	-0.012	0.261	0.659	0.989	0.995	38.796	0.265	0.289
1.5	0.382	0.00874	-0.013	0.198	0.687	0.986	0.995	43.741	0.265	0.285
2.0	0.443	0.00889	-0.014	0.186	0.712	0.985	0.995	49.882	0.265	0.282
2.5	0.504	0.00908	-0.015	0.178	0.736	0.984	0.995	55.560	0.265	0.280
3.0	0.565	0.01049	-0.016	0.172	0.757	0.982	0.995	53.861	0.266	0.279
3.5	0.626	0.01072	-0.017	0.166	0.776	0.980	0.995	58.329	0.266	0.277
4.0	0.686	0.01102	-0.018	0.159	0.794	0.977	0.995	62.221	0.266	0.276
4.5	0.745	0.01133	-0.019	0.154	0.810	0.974	0.995	65.770	0.267	0.276
5.0	0.805	0.01169	-0.020	0.148	0.824	0.971	0.995	68.847	0.267	0.275
5.5	0.863	0.01208	-0.021	0.143	0.837	0.967	0.995	71.474	0.267	0.274
6.0	0.921	0.01251	-0.022	0.137	0.849	0.962	0.995	73.640	0.268	0.274
6.5	0.979	0.01297	-0.023	0.132	0.859	0.957	0.995	75.475	0.268	0.274
7.0	1.035	0.01346	-0.024	0.127	0.869	0.950	0.995	76.926	0.268	0.273
7.5	1.091	0.01404	-0.025	0.121	0.877	0.942	0.995	77.691	0.269	0.273
8.0	1.145	0.01468	-0.026	0.115	0.886	0.933	0.995	78.015	0.269	0.273
8.5	1.198	0.01537	-0.027	0.110	0.893	0.921	0.995	77.953	0.269	0.273
9.0	1.249	0.01616	-0.028	0.105	0.900	0.908	0.995	77.287	0.270	0.273
9.5	1.298	0.01708	-0.029	0.099	0.907	0.892	0.995	75.993	0.271	0.272
10.0	1.345	0.01813	-0.030	0.094	0.913	0.873	0.995	74.171	0.271	0.272
10.5	1.388	0.01938	-0.031	0.088	0.919	0.851	0.995	71.615	0.272	0.272
11.0	1.428	0.02095	-0.032	0.082	0.923	0.824	0.995	68.157	0.273	0.272
11.5	1.464	0.02286	-0.033	0.076	0.928	0.792	0.995	64.050	0.274	0.272
12.0	1.496	0.02523	-0.034	0.070	0.933	0.756	0.995	59.304	0.276	0.272
12.5	1.523	0.02817	-0.034	0.063	0.937	0.716	0.996	54.072	0.278	0.273
13.0	1.547	0.03181	-0.035	0.057	0.941	0.673	0.997	48.625	0.280	0.273
13.5	1.566	0.03639	-0.036	0.050	0.945	0.626	1.000	43.036	0.282	0.273
14.0	1.581	0.04185	-0.036	0.043	0.948	0.577	1.000	37.785	0.284	0.273
14.5	1.594	0.04811	-0.037	0.036	0.951	0.530	1.000	33.124	0.292	0.273
15.0	1.602	0.05505	-0.037	0.030	0.955	0.485	1.000	29.098	0.305	0.273
15.5	1.608	0.06248	-0.037	0.025	0.958	0.444	1.000	25.746	0.320	0.273
16.0	1.614	0.07013	-0.038	0.021	0.960	0.409	1.000	23.008	0.345	0.273
16.5	1.618	0.07769	-0.038	0.018	0.963	0.379	1.000	20.822	0.410	0.274
17.0	1.619	0.08594	-0.039	0.014	0.966	0.351	1.000	18.840	0.691	0.274
17.5	1.620	0.09371	-0.039	0.012	0.968	0.329	1.000	17.285	-2.261	0.274
18.0	1.619	0.10142	-0.040	0.011	0.970	0.310	1.000	15.960	0.023	0.275
18.5	1.615	0.10963	-0.040	0.010	0.973	0.292	1.000	14.733	0.139	0.275
19.0	1.609	0.11807	-0.041	0.008	0.975	0.276	1.000	13.632	0.169	0.275
19.5	1.602	0.12654	-0.041	0.007	0.977	0.262	1.000	12.661	0.185	0.276
20.0	1.593	0.13505	-0.042	0.007	0.979	0.249	1.000	11.793	0.191	0.276

