-10.0	-0.574	0.07420	0.003	0.942	0.004	0.991	0.011	-7.732	0.251	0.256
-9.5	-0.564	0.06930	0.003	0.932	0.004	0.992	0.011	-8.135	0.249	0.256
-9.0	-0.550	0.06456	0.003	0.918	0.004	0.994	0.012	-8.527	0.250	0.256
-8.5	-0.534	0.06011	0.003	0.896	0.005	0.995	0.013	-8.879	0.252	0.256
-8.0	-0.513	0.05615	0.003	0.863	0.005	0.996	0.013	-9.144	0.252	0.256
-7.5	-0.490	0.05237	0.003	0.815	0.005	0.997	0.013	-9.354	0.251	0.257
-7.0	-0.463	0.04940	0.003	0.751	0.006	0.997	0.014	-9.371	0.251	0.257
-6.5	-0.433	0.04651	0.003	0.682	0.006	0.997	0.015	-9.310	0.249	0.257
-6.0	-0.400	0.04378	0.003	0.620	0.006	0.998	0.020	-9.144	0.249	0.258
-5.5	-0.365	0.04135	0.003	0.556	0.007	0.998	0.023	-8.822	0.250	0.259
-5.0	-0.327	0.03917	0.003	0.486	0.007	0.998	0.028	-8.347	0.249	0.260
-4.5	-0.287	0.03693	0.003	0.444	0.008	0.998	0.037	-7.777	0.248	0.261
-4.0	-0.246	0.03449	0.003	0.425	0.008	0.998	0.053	-7.128	0.243	0.263
-3.5	-0.206	0.02935	0.004	0.412	0.009	0.998	0.133	-7.006	0.213	0.268
-3.0	-0.193	0.01135	0.005	0.400	0.011	0.998	0.996	-16.970	0.233	0.277
-2.5	-0.135	0.01120	0.005	0.389	0.012	0.998	0.996	-12.102	0.257	0.286
-2.0	-0.078	0.01106	0.005	0.378	0.014	0.998	0.997	-7.014	0.257	0.308
-1.5	-0.019	0.01095	0.004	0.368	0.016	0.998	0.997	-1.742	0.257	0.466
-1.0	0.040	0.01166	0.004	0.358	0.020	0.998	0.998	3.424	0.257	0.158
-0.5	0.099	0.01150	0.003	0.349	0.026	0.998	0.998	8.628	0.258	0.217
0.0	0.159	0.01134	0.003	0.339	0.033	0.998	0.998	14.000	0.258	0.233
0.5	0.218	0.01124	0.002	0.330	0.047	0.998	0.998	19.406	0.258	0.240
1.0	0.277	0.01115	0.002	0.322	0.074	0.998	0.998	24.879	0.259	0.244
1.5	0.337	0.00808	0.001	0.312	0.891	0.998	0.994	41.659	0.259	0.246
2.0	0.396	0.00826	0.001	0.304	0.898	0.998	0.994	47.875	0.260	0.248
2.5	0.455	0.00848	0.000	0.295	0.904	0.998	0.994	53.599	0.260	0.250
3.0	0.514	0.00868	-0.001	0.285	0.910	0.998	0.994	59.168	0.260	0.251
3.5	0.572	0.00894	-0.001	0.277	0.915	0.997	0.994	63.999	0.261	0.252
4.0	0.631	0.00858	-0.002	0.267	0.920	0.997	0.994	73.525	0.261	0.253
4.5	0.689	0.00886	-0.002	0.258	0.924	0.997	0.995	77.776	0.261	0.254
5.0	0.748	0.00915	-0.003	0.250	0.929	0.996	0.995	81.671	0.262	0.254
5.5	0.806	0.00953	-0.004	0.239	0.933	0.995	0.995	84.531	0.262	0.255
6.0	0.863	0.00937	-0.005	0.230	0.936	0.994	0.995	92.106	0.263	0.255
6.5	0.919	0.00979	-0.005	0.219	0.940	0.991	0.996	93.934	0.263	0.256
7.0	0.974	0.00976	-0.006	0.209	0.943	0.987	0.996	99.746	0.264	0.256
7.5	1.026	0.01107	-0.007	0.198	0.947	0.980	0.996	92.684	0.265	0.257
8.0	1.076	0.01166	-0.008	0.186	0.950	0.969	0.997	92.267	0.266	0.257
8.5	1.121	0.01259	-0.008	0.172	0.953	0.951	1.000	89.043	0.268	0.257
9.0	1.161	0.01349	-0.009	0.157	0.956	0.925	1.000	86.112	0.280	0.258
9.5	1.162	0.02105	-0.009	0.018	0.959	0.749	1.000	55.181	0.291	0.258
10.0	1.189	0.02371	-0.010	0.010	0.961	0.703	1.000	50.135	0.277	0.259
10.5	1.213	0.02656	-0.011	0.006	0.964	0.665	1.000	45.677	0.280	0.259
11.0	1.235	0.02942	-0.012	0.005	0.967	0.632	1.000	41.985	0.285	0.259
11.5	1.254	0.03255	-0.012	0.004	0.969	0.602	1.000	38.517	0.293	0.260
12.0	1.268	0.03606	-0.013	0.003	0.971	0.572	1.000	35.162	0.311	0.260
12.5	1.277	0.03991	-0.014	0.002	0.974	0.544	1.000	32.003	0.397	0.261
13.0	1.277	0.04413	-0.014	0.002	0.976	0.516	1.000	28.945	-0.112	0.261
13.5	1.273	0.04848	-0.015	0.002	0.978	0.492	1.000	26.261	0.151	0.262
14.0	1.263	0.05344	-0.016	0.002	0.980	0.466	1.000	23.641	0.195	0.262
14.5	1.248	0.05882	-0.016	0.001	0.983	0.441	1.000	21.227	0.213	0.263
15.0	1.228	0.06514	-0.017	0.001	0.985	0.413	1.000	18.852	0.224	0.264
15.5	1.202	0.07257	-0.018	0.001	0.988	0.379	1.000	16.559	0.235	0.265
16.0	1.167	0.08326	-0.018	0.001	1.000	0.328	1.000	14.018	0.266	0.265
16.5	1.094	0.11593	-0.016	0.001	1.000	0.142	1.000	9.434	0.296	0.265
17.0	1.038	0.13936	-0.012	0.001	1.000	0.029	1.000	7.450	0.302	0.262
17.5	1.008	0.14831	-0.011	0.001	1.000	0.017	1.000	6.794	0.260	0.261
18.0	0.977	0.15762	-0.011	0.001	1.000	0.014	1.000	6.200	0.254	0.262
18.5	0.945	0.16687	-0.011	0.000	1.000	0.010	1.000	5.665	0.247	0.262
19.0	0.913	0.17658	-0.012	0.000	1.000	0.011	1.000	5.173	0.240	0.263
19.5	0.880	0.18611	-0.012	0.000	1.000	0.009	1.000	4.731	0.245	0.263
20.0	0.847	0.19793	-0.012	0.000	1.000	0.008	1.000	4.281	0.246	0.264

