-10.0	-0.694	0.06357	-0.009	0.872	0.012	0.990	0.054	-10.911	0.265	0.238
-9.5	-0.661	0.05910	-0.009	0.861	0.012	0.990	0.063	-11.182	0.267	0.236
-9.0	-0.627	0.05457	-0.010	0.849	0.013	0.991	0.076	-11.484	0.271	0.234
-8.5	-0.592	0.04973	-0.011	0.836	0.013	0.991	0.099	-11.896	0.281	0.232
-8.0	-0.559	0.04309	-0.012	0.822	0.014	0.992	0.153	-12.969	-0.020	0.229
-7.5	-0.618	0.01351	-0.018	0.805	0.015	0.993	0.968	-45.725	-0.555	0.221
-7.0	-0.567	0.01300	-0.018	0.786	0.016	0.993	0.978	-43.586	0.260	0.218
-6.5	-0.513	0.01058	-0.019	0.764	0.018	0.994	0.983	-48.525	0.260	0.213
-6.0	-0.458	0.01104	-0.019	0.739	0.019	0.994	0.985	-41.485	0.260	0.208
-5.5	-0.402	0.01081	-0.020	0.710	0.021	0.994	0.987	-37.150	0.260	0.201
-5.0	-0.344	0.01061	-0.020	0.678	0.023	0.995	0.989	-32.423	0.260	0.191
-4.5	-0.285	0.01123	-0.021	0.638	0.026	0.995	0.990	-25.404	0.260	0.176
-4.0	-0.226	0.01114	-0.022	0.593	0.029	0.995	0.991	-20.292	0.261	0.154
-3.5	-0.166	0.01114	-0.022	0.539	0.033	0.995	0.992	-14.931	0.261	0.116
-3.0	-0.106	0.01130	-0.023	0.465	0.039	0.994	0.993	-9.392	0.261	0.034
-2.5	-0.046	0.01149	-0.024	0.396	0.047	0.994	0.994	-3.962	0.261	-0.269
-2.0	0.015	0.01214	-0.024	0.378	0.059	0.994	0.994	1.266	0.261	1.833
-1.5	0.076	0.01136	-0.025	0.364	0.078	0.994	0.995	6.731	0.262	0.577
-1.0	0.138	0.00878	-0.026	0.351	0.668	0.993	0.995	15.675	0.262	0.437
-0.5	0.199	0.00881	-0.026	0.340	0.696	0.993	0.995	22.561	0.262	0.383
0.0	0.260	0.00886	-0.027	0.329	0.723	0.992	0.995	29.303	0.262	0.355
0.5	0.320	0.00894	-0.028	0.319	0.747	0.992	0.995	35.852	0.263	0.337
1.0	0.381	0.00908	-0.029	0.308	0.769	0.991	0.995	41.967	0.263	0.325
1.5	0.442	0.00924	-0.030	0.299	0.789	0.990	0.995	47.801	0.263	0.317
2.0	0.502	0.00879	-0.030	0.289	0.807	0.989	0.994	57.099	0.263	0.310
2.5	0.562	0.00897	-0.031	0.279	0.823	0.988	0.994	62.669	0.264	0.305
3.0	0.622	0.00899	-0.032	0.270	0.838	0.986	0.994	69.275	0.264	0.301
3.5	0.682	0.00926	-0.033	0.260	0.850	0.984	0.993	73.712	0.264	0.298
4.0	0.742	0.00890	-0.034	0.251	0.861	0.982	0.993	83.371	0.264	0.295
4.5	0.801	0.01111	-0.035	0.241	0.872	0.979	0.993	72.090	0.265	0.293
5.0	0.860	0.01150	-0.035	0.231	0.882	0.976	0.992	74.755	0.265	0.291
5.5	0.918	0.01193	-0.036	0.221	0.891	0.972	0.992	76.902	0.265	0.290
6.0	0.975	0.01242	-0.037	0.211	0.898	0.967	0.992	78.506	0.265	0.288
6.5	1.032	0.01295	-0.038	0.201	0.905	0.960	0.992	79.655	0.266	0.287
7.0	1.087	0.01355	-0.039	0.190	0.912	0.953	0.992	80.193	0.266	0.286
7.5	1.141	0.01423	-0.040	0.179	0.918	0.944	0.991	80.175	0.266	0.285
8.0	1.192	0.01499	-0.041	0.167	0.923	0.932	0.991	79.528	0.267	0.284
8.5	1.242	0.01589	-0.041	0.154	0.929	0.917	0.991	78.154	0.267	0.283
9.0	1.288	0.01696	-0.042	0.140	0.934	0.899	0.991	75.963	0.267	0.283
9.5	1.331	0.01828	-0.043	0.125	0.938	0.875	0.992	72.819	0.268	0.282
10.0	1.370	0.02001	-0.044	0.107	0.942	0.845	0.992	68.488	0.267	0.282
10.5	1.403	0.02245	-0.044	0.085	0.946	0.804	0.992	62.498	0.266	0.282
11.0	1.428	0.02618	-0.045	0.056	0.949	0.748	0.992	54.525	0.263	0.281
11.5	1.448	0.03073	-0.045	0.033	0.952	0.688	0.993	47.117	0.264	0.281
12.0	1.469	0.03487	-0.045	0.023	0.956	0.643	0.993	42.143	0.268	0.281
12.5	1.489	0.03921	-0.046	0.017	0.958	0.602	0.993	37.977	0.271	0.281
13.0	1.508	0.04345	-0.046	0.015	0.961	0.568	0.994	34.695	0.275	0.281
13.5	1.524	0.04813	-0.046	0.012	0.964	0.537	0.994	31.656	0.281	0.280
14.0	1.535	0.05315	-0.047	0.010	0.967	0.507	0.995	28.886	0.295	0.281
14.5	1.543	0.05836	-0.047	0.009	0.969	0.480	0.996	26.441	0.323	0.281
15.0	1.548	0.06386	-0.048	0.008	0.971	0.454	0.997	24.233	0.401	0.281
15.5	1.549	0.06974	-0.048	0.007	0.973	0.431	1.000	22.213	-4.674	0.281
16.0	1.547	0.07593	-0.049	0.006	0.975	0.409	1.000	20.380	0.102	0.281
16.5	1.543	0.08230	-0.049	0.006	0.977	0.389	1.000	18.749	0.176	0.282
17.0	1.535	0.08910	-0.050	0.005	0.978	0.370	1.000	17.232	0.202	0.282
17.5	1.525	0.09630	-0.050	0.005	0.980	0.352	1.000	15.835	0.216	0.283
18.0	1.511	0.10383	-0.050	0.004	0.982	0.334	1.000	14.555	0.226	0.283
18.5	1.495	0.11224	-0.051	0.004	0.984	0.315	1.000	13.316	0.234	0.284
19.0	1.475	0.12117	-0.051	0.004	0.985	0.296	1.000	12.172	0.239	0.285
19.5	1.453	0.13089	-0.051	0.003	0.987	0.276	1.000	11.098	0.243	0.285
20.0	1.428	0.14115	-0.051	0.003	0.989	0.256	1.000	10.119	0.245	0.286

