-10.0	-0.799	0.05595	0.012	0.826	0.014	0.993	0.114	-14.276	0.304	0.265
-9.5	-0.909	0.01607	0.018	0.806	0.015	0.994	0.904	-56.550	0.329	0.270
-9.0	-0.870	0.01522	0.018	0.784	0.015	0.994	0.947	-57.172	0.258	0.270
-8.5	-0.824	0.01464	0.017	0.758	0.016	0.994	0.958	-56.283	0.259	0.271
-8.0	-0.775	0.01414	0.017	0.730	0.017	0.995	0.965	-54.835	0.259	0.272
-7.5	-0.724	0.01370	0.017	0.699	0.018	0.995	0.969	-52.854	0.259	0.273
-7.0	-0.671	0.01333	0.016	0.665	0.019	0.995	0.973	-50.348	0.260	0.274
-6.5	-0.617	0.01299	0.015	0.632	0.020	0.995	0.976	-47.482	0.260	0.275
-6.0	-0.561	0.01272	0.015	0.597	0.022	0.995	0.978	-44.131	0.260	0.277
-5.5	-0.504	0.01242	0.014	0.563	0.023	0.995	0.980	-40.593	0.260	0.278
-5.0	-0.446	0.01226	0.014	0.528	0.025	0.995	0.982	-36.382	0.261	0.281
-4.5	-0.387	0.01055	0.013	0.493	0.028	0.995	0.984	-36.696	0.261	0.284
-4.0	-0.327	0.01050	0.012	0.455	0.030	0.994	0.985	-31.170	0.261	0.288
-3.5	-0.267	0.01053	0.012	0.414	0.033	0.994	0.986	-25.367	0.262	0.294
-3.0	-0.206	0.01014	0.011	0.359	0.038	0.994	0.987	-20.350	0.262	0.303
-2.5	-0.145	0.01017	0.010	0.323	0.042	0.993	0.988	-14.272	0.262	0.321
-2.0	-0.084	0.01078	0.010	0.311	0.050	0.993	0.989	-7.757	0.263	0.364
-1.5	-0.022	0.01071	0.009	0.299	0.060	0.992	0.990	-2.041	0.263	0.649
-1.0	0.040	0.01059	0.008	0.291	0.077	0.992	0.991	3.786	0.263	0.053
-0.5	0.102	0.00796	0.007	0.283	0.687	0.991	0.992	12.823	0.264	0.181
0.0	0.164	0.00802	0.006	0.275	0.709	0.991	0.992	20.431	0.264	0.212
0.5	0.226	0.00814	0.005	0.267	0.729	0.990	0.992	27.738	0.264	0.226
1.0	0.287	0.00771	0.004	0.260	0.748	0.989	0.992	37.283	0.265	0.235
1.5	0.349	0.00783	0.004	0.254	0.764	0.988	0.992	44.540	0.265	0.240
2.0	0.410	0.00799	0.003	0.246	0.779	0.986	0.992	51.324	0.266	0.244
2.5	0.471	0.00818	0.002	0.240	0.794	0.985	0.992	57.654	0.266	0.247
3.0	0.532	0.00783	0.001	0.233	0.805	0.983	0.992	67.964	0.266	0.249
3.5	0.593	0.00965	-0.000	0.226	0.817	0.980	0.992	61.419	0.267	0.251
4.0	0.653	0.00995	-0.001	0.219	0.828	0.977	0.992	65.691	0.267	0.252
4.5	0.713	0.01027	-0.002	0.213	0.838	0.973	0.992	69.476	0.268	0.253
5.0	0.773	0.01060	-0.004	0.207	0.846	0.969	0.992	72.935	0.268	0.255
5.5	0.832	0.01099	-0.005	0.200	0.855	0.963	0.992	75.656	0.268	0.256
6.0	0.890	0.01141	-0.006	0.193	0.862	0.956	0.992	77.986	0.269	0.256
6.5	0.948	0.01185	-0.007	0.187	0.870	0.948	0.992	79.930	0.269	0.257
7.0	1.004	0.01237	-0.008	0.180	0.876	0.938	0.992	81.158	0.270	0.258
7.5	1.060	0.01296	-0.009	0.173	0.882	0.926	0.992	81.773	0.271	0.259
8.0	1.114	0.01361	-0.010	0.166	0.889	0.912	0.992	81.836	0.271	0.259
8.5	1.166	0.01436	-0.011	0.160	0.894	0.894	0.992	81.199	0.272	0.260
9.0	1.217	0.01527	-0.012	0.152	0.899	0.874	0.992	79.671	0.273	0.260
9.5	1.265	0.01632	-0.014	0.145	0.905	0.851	0.992	77.496	0.274	0.261
10.0	1.310	0.01761	-0.015	0.137	0.909	0.824	0.992	74.401	0.275	0.261
10.5	1.353	0.01917	-0.016	0.129	0.913	0.795	0.992	70.595	0.276	0.262
11.0	1.393	0.02101	-0.017	0.122	0.918	0.764	0.992	66.297	0.278	0.262
11.5	1.430	0.02332	-0.018	0.113	0.922	0.730	0.993	61.318	0.280	0.263
12.0	1.464	0.02600	-0.019	0.104	0.925	0.695	0.993	56.305	0.282	0.263
12.5	1.494	0.02924	-0.020	0.094	0.929	0.659	0.993	51.105	0.284	0.263
13.0	1.522	0.03303	-0.021	0.083	0.933	0.623	0.993	46.081	0.287	0.264
13.5	1.547	0.03750	-0.022	0.072	0.936	0.586	0.993	41.251	0.290	0.264
14.0	1.569	0.04283	-0.023	0.059	0.939	0.548	0.994	36.640	0.295	0.265
14.5	1.588	0.04888	-0.024	0.046	0.942	0.512	0.994	32.487	0.302	0.265
15.0	1.603	0.05541	-0.025	0.034	0.946	0.479	0.995	28.939	0.309	0.265
15.5	1.618	0.06157	-0.026	0.026	0.948	0.452	0.996	26.285	0.317	0.266
16.0	1.631	0.06789	-0.027	0.020	0.951	0.429	1.000	24.031	0.327	0.266
16.5	1.643	0.07383	-0.027	0.017	0.953	0.410	1.000	22.254	0.343	0.267
17.0	1.652	0.08023	-0.028	0.014	0.956	0.392	1.000	20.587	0.371	0.267
17.5	1.659	0.08634	-0.029	0.012	0.959	0.377	1.000	19.212	0.420	0.268
18.0	1.663	0.09269	-0.030	0.011	0.961	0.363	1.000	17.944	0.566	0.268
18.5	1.665	0.09942	-0.031	0.009	0.963	0.350	1.000	16.746	1.967	0.269
19.0	1.664	0.10630	-0.032	0.008	0.965	0.338	1.000	15.657	-0.267	0.269
19.5	1.661	0.11332	-0.033	0.007	0.967	0.327	1.000	14.658	0.085	0.270
20.0	1.652	0.12025	-0.034	0.006	0.969	0.318	1.000	13.741	0.135	0.271

