-10.0	-1.010	0.01592	0.020	0.811	0.011	0.991	0.914	-63.433	0.261	0.270
-9.5	-0.964	0.01525	0.020	0.796	0.011	0.991	0.924	-63.206	0.261	0.271
-9.0	-0.915	0.01459	0.019	0.780	0.011	0.992	0.933	-62.720	0.261	0.271
-8.5	-0.864	0.01403	0.019	0.762	0.012	0.992	0.940	-61.605	0.261	0.272
-8.0	-0.812	0.01351	0.018	0.743	0.012	0.992	0.946	-60.103	0.261	0.272
-7.5	-0.758	0.01304	0.018	0.721	0.013	0.992	0.952	-58.112	0.261	0.273
-7.0	-0.703	0.01260	0.017	0.699	0.014	0.992	0.957	-55.763	0.262	0.274
-6.5	-0.646	0.01223	0.016	0.675	0.015	0.992	0.961	-52.789	0.262	0.275
-6.0	-0.588	0.01187	0.016	0.650	0.016	0.992	0.965	-49.511	0.262	0.277
-5.5	-0.529	0.01157	0.015	0.624	0.017	0.992	0.969	-45.727	0.262	0.278
-5.0	-0.469	0.01128	0.014	0.598	0.018	0.992	0.972	-41.585	0.262	0.280
-4.5	-0.408	0.01105	0.013	0.571	0.019	0.992	0.975	-36.970	0.263	0.283
-4.0	-0.347	0.01084	0.013	0.545	0.021	0.992	0.977	-32.040	0.263	0.286
-3.5	-0.286	0.01065	0.012	0.519	0.022	0.992	0.979	-26.820	0.263	0.291
-3.0	-0.224	0.01052	0.011	0.493	0.025	0.991	0.981	-21.256	0.263	0.299
-2.5	-0.161	0.00845	0.010	0.468	0.029	0.991	0.983	-19.080	0.264	0.313
-2.0	-0.099	0.00899	0.009	0.443	0.039	0.991	0.984	-10.966	0.264	0.344
-1.5	-0.036	0.00740	0.008	0.419	0.459	0.990	0.990	-4.839	0.264	0.485
-1.0	0.027	0.00742	0.008	0.395	0.485	0.990	0.990	3.655	0.265	-0.027
-0.5	0.090	0.00748	0.007	0.372	0.511	0.989	0.991	12.034	0.265	0.177
0.0	0.153	0.00704	0.006	0.347	0.538	0.989	0.991	21.683	0.265	0.213
0.5	0.215	0.00714	0.005	0.324	0.564	0.988	0.992	30.169	0.266	0.228
1.0	0.278	0.00725	0.004	0.299	0.589	0.987	0.993	38.323	0.266	0.237
1.5	0.340	0.00741	0.003	0.275	0.615	0.985	0.993	45.872	0.266	0.242
2.0	0.402	0.00760	0.002	0.252	0.639	0.984	0.994	52.921	0.267	0.246
2.5	0.464	0.00929	0.001	0.228	0.663	0.982	0.994	49.917	0.267	0.249
3.0	0.525	0.01057	-0.001	0.123	0.685	0.976	0.994	49.670	0.268	0.251
3.5	0.586	0.01089	-0.002	0.112	0.707	0.972	0.995	53.801	0.268	0.253
4.0	0.647	0.01116	-0.003	0.108	0.727	0.969	0.995	57.915	0.268	0.254
4.5	0.707	0.01147	-0.004	0.105	0.745	0.965	0.995	61.635	0.269	0.255
5.0	0.766	0.01180	-0.005	0.101	0.762	0.961	0.995	64.970	0.269	0.256
5.5	0.825	0.01215	-0.006	0.098	0.778	0.956	0.995	67.952	0.269	0.257
6.0	0.884	0.01254	-0.007	0.095	0.793	0.950	0.996	70.473	0.270	0.258
6.5	0.941	0.01300	-0.008	0.092	0.806	0.943	0.996	72.379	0.270	0.259
7.0	0.998	0.01350	-0.010	0.088	0.818	0.935	0.996	73.925	0.271	0.260
7.5	1.053	0.01405	-0.011	0.085	0.830	0.926	0.996	74.959	0.271	0.260
8.0	1.108	0.01464	-0.012	0.083	0.841	0.916	0.996	75.659	0.272	0.261
8.5	1.161	0.01531	-0.013	0.080	0.851	0.904	0.997	75.849	0.273	0.261
9.0	1.212	0.01604	-0.014	0.078	0.860	0.891	0.997	75.578	0.273	0.262
9.5	1.262	0.01691	-0.015	0.075	0.869	0.875	0.997	74.647	0.274	0.262
10.0	1.310	0.01792	-0.017	0.072	0.877	0.857	0.997	73.131	0.275	0.263
10.5	1.356	0.01936	-0.018	0.069	0.884	0.837	1.000	70.065	0.276	0.263
11.0	1.400	0.02056	-0.019	0.066	0.891	0.816	1.000	68.093	0.277	0.264
11.5	1.441	0.02202	-0.020	0.064	0.897	0.792	1.000	65.453	0.278	0.264
12.0	1.480	0.02378	-0.021	0.062	0.904	0.766	1.000	62.240	0.280	0.264
12.5	1.516	0.02587	-0.022	0.059	0.909	0.738	1.000	58.616	0.282	0.265
13.0	1.549	0.02844	-0.023	0.056	0.915	0.707	1.000	54.457	0.284	0.265
13.5	1.579	0.03139	-0.024	0.053	0.920	0.675	1.000	50.285	0.286	0.266
14.0	1.606	0.03473	-0.025	0.050	0.925	0.643	1.000	46.244	0.289	0.266
14.5	1.631	0.03849	-0.026	0.048	0.929	0.611	1.000	42.360	0.293	0.266
15.0	1.652	0.04264	-0.027	0.046	0.934	0.580	1.000	38.738	0.298	0.267
15.5	1.670	0.04753	-0.028	0.043	0.937	0.548	1.000	35.137	0.304	0.267
16.0	1.685	0.05313	-0.029	0.040	0.941	0.514	1.000	31.722	0.313	0.267
16.5	1.698	0.05919	-0.030	0.037	0.945	0.482	1.000	28.681	0.332	0.268
17.0	1.706	0.06581	-0.031	0.035	0.948	0.451	1.000	25.920	0.360	0.268
17.5	1.712	0.07271	-0.032	0.033	0.951	0.423	1.000	23.550	0.398	0.269
18.0	1.716	0.08011	-0.032	0.030	0.954	0.396	1.000	21.426	0.520	0.269
18.5	1.718	0.08838	-0.033	0.028	0.957	0.369	1.000	19.437	2.025	0.269
19.0	1.717	0.09703	-0.034	0.025	0.959	0.343	1.000	17.698	-0.265	0.270
19.5	1.715	0.10592	-0.035	0.023	0.962	0.320	1.000	16.192	0.078	0.270
20.0	1.709	0.11508	-0.035	0.020	0.965	0.299	1.000	14.853	0.162	0.271
20.5	1.700	0.12451	-0.036	0.018	0.968	0.280	1.000	13.653	0.185	0.271
21.0	1.689	0.13414	-0.037	0.016	0.970	0.263	1.000	12.588	0.190	0.272

