-10.0	-0.872	0.01731	-0.012	0.789	0.023	0.990	0.895	-50.365	0.264	0.236
-9.5	-0.825	0.01636	-0.013	0.772	0.024	0.990	0.918	-50.430	0.264	0.234
-9.0	-0.775	0.01561	-0.014	0.754	0.025	0.991	0.933	-49.637	0.263	0.232
-8.5	-0.722	0.01495	-0.015	0.733	0.027	0.991	0.944	-48.294	0.263	0.230
-8.0	-0.668	0.01440	-0.015	0.711	0.028	0.991	0.952	-46.358	0.263	0.227
-7.5	-0.612	0.01392	-0.016	0.686	0.030	0.991	0.958	-43.957	0.263	0.224
-7.0	-0.555	0.01351	-0.017	0.658	0.032	0.991	0.963	-41.067	0.263	0.220
-6.5	-0.497	0.01315	-0.017	0.627	0.035	0.991	0.968	-37.759	0.263	0.215
-6.0	-0.438	0.01283	-0.018	0.594	0.038	0.991	0.971	-34.100	0.264	0.208
-5.5	-0.378	0.01259	-0.019	0.557	0.042	0.991	0.975	-30.010	0.264	0.199
-5.0	-0.317	0.01242	-0.020	0.515	0.046	0.991	0.977	-25.534	0.264	0.187
-4.5	-0.256	0.01233	-0.021	0.466	0.051	0.990	0.979	-20.746	0.264	0.169
-4.0	-0.194	0.01229	-0.022	0.416	0.058	0.990	0.982	-15.808	0.264	0.138
-3.5	-0.132	0.01033	-0.023	0.392	0.066	0.989	0.983	-12.791	0.265	0.079
-3.0	-0.070	0.01019	-0.024	0.378	0.078	0.988	0.985	-6.849	0.265	-0.087
-2.5	-0.007	0.01006	-0.024	0.367	0.097	0.987	0.986	-0.716	0.265	-3.144
-2.0	0.056	0.00846	-0.025	0.357	0.544	0.986	0.990	6.577	0.266	0.707
-1.5	0.119	0.00845	-0.026	0.347	0.566	0.985	0.990	14.035	0.266	0.473
-1.0	0.181	0.00847	-0.027	0.337	0.588	0.984	0.991	21.402	0.266	0.401
-0.5	0.244	0.00800	-0.028	0.329	0.611	0.983	0.991	30.512	0.267	0.366
0.0	0.306	0.00971	-0.029	0.320	0.634	0.981	0.991	31.547	0.267	0.346
0.5	0.368	0.00984	-0.031	0.311	0.657	0.979	0.992	37.437	0.267	0.333
1.0	0.431	0.01000	-0.032	0.303	0.680	0.977	0.992	43.049	0.267	0.323
1.5	0.493	0.01018	-0.033	0.295	0.702	0.975	0.992	48.404	0.268	0.316
2.0	0.554	0.01039	-0.034	0.286	0.722	0.973	0.992	53.366	0.268	0.311
2.5	0.616	0.01062	-0.035	0.279	0.742	0.970	0.992	57.973	0.268	0.307
3.0	0.677	0.01090	-0.036	0.271	0.760	0.967	0.992	62.077	0.269	0.303
3.5	0.738	0.01120	-0.037	0.262	0.776	0.963	0.992	65.848	0.269	0.300
4.0	0.798	0.01154	-0.038	0.255	0.792	0.959	0.992	69.191	0.269	0.298
4.5	0.858	0.01192	-0.040	0.247	0.805	0.954	0.991	72.016	0.270	0.296
5.0	0.918	0.01234	-0.041	0.239	0.818	0.948	0.991	74.376	0.270	0.294
5.5	0.976	0.01280	-0.042	0.231	0.830	0.941	0.991	76.305	0.270	0.293
6.0	1.035	0.01330	-0.043	0.223	0.841	0.934	0.991	77.812	0.270	0.292
6.5	1.092	0.01385	-0.044	0.215	0.851	0.925	0.990	78.801	0.271	0.291
7.0	1.148	0.01446	-0.045	0.207	0.860	0.915	0.990	79.384	0.271	0.290
7.5	1.203	0.01515	-0.047	0.198	0.869	0.904	0.990	79.410	0.271	0.289
8.0	1.257	0.01594	-0.048	0.189	0.876	0.891	0.990	78.876	0.272	0.288
8.5	1.310	0.01680	-0.049	0.181	0.883	0.876	0.990	77.951	0.272	0.287
9.0	1.360	0.01782	-0.050	0.172	0.890	0.859	0.989	76.318	0.272	0.287
9.5	1.409	0.01896	-0.051	0.163	0.896	0.841	0.989	74.292	0.273	0.286
10.0	1.455	0.02021	-0.052	0.153	0.902	0.820	0.989	71.987	0.273	0.286
10.5	1.499	0.02180	-0.053	0.144	0.907	0.797	0.989	68.755	0.274	0.286
11.0	1.540	0.02366	-0.054	0.133	0.912	0.771	0.989	65.088	0.274	0.285
11.5	1.578	0.02583	-0.055	0.123	0.918	0.744	0.989	61.104	0.275	0.285
12.0	1.614	0.02840	-0.056	0.112	0.922	0.715	0.989	56.816	0.276	0.285
12.5	1.646	0.03141	-0.057	0.100	0.926	0.685	0.989	52.413	0.276	0.285
13.0	1.677	0.03495	-0.058	0.088	0.930	0.654	0.989	47.971	0.277	0.284
13.5	1.704	0.03902	-0.058	0.075	0.934	0.622	0.989	43.656	0.279	0.284
14.0	1.728	0.04366	-0.059	0.063	0.937	0.591	0.989	39.569	0.281	0.284
14.5	1.750	0.04865	-0.060	0.052	0.940	0.561	0.990	35.963	0.284	0.284
15.0	1.770	0.05400	-0.061	0.041	0.944	0.534	0.990	32.771	0.288	0.284
15.5	1.789	0.05922	-0.061	0.035	0.947	0.511	0.990	30.209	0.292	0.284
16.0	1.806	0.06468	-0.062	0.029	0.949	0.489	0.990	27.923	0.298	0.284
16.5	1.822	0.07020	-0.063	0.025	0.952	0.470	0.990	25.954	0.309	0.285
17.0	1.833	0.07601	-0.064	0.021	0.955	0.452	0.991	24.117	0.330	0.285
17.5	1.842	0.08171	-0.065	0.019	0.957	0.436	0.991	22.549	0.358	0.285
18.0	1.849	0.08773	-0.065	0.017	0.959	0.422	0.991	21.076	0.409	0.285
18.5	1.853	0.09395	-0.066	0.015	0.961	0.408	0.992	19.724	0.538	0.286
19.0	1.855	0.10041	-0.067	0.013	0.963	0.395	0.992	18.473	1.434	0.286
19.5	1.855	0.10688	-0.068	0.012	0.966	0.384	0.993	17.352	-0.269	0.287
20.0	1.852	0.11380	-0.069	0.011	0.967	0.372	0.993	16.270	0.034	0.287
20.5	1.846	0.12087	-0.070	0.010	0.969	0.362	0.994	15.277	0.113	0.288
21.0	1.839	0.12829	-0.071	0.009	0.971	0.351	0.996	14.333	0.149	0.288
21.5	1.829	0.13590	-0.072	0.009	0.972	0.341	1.000	13.458	0.171	0.289
22.0	1.817	0.14408	-0.072	0.008	0.974	0.331	1.000	12.611	0.188	0.290
22.5	1.803	0.15255	-0.073	0.007	0.976	0.321	1.000	11.818	0.198	0.291
23.0	1.787	0.16132	-0.074	0.007	0.977	0.311	1.000	11.077	0.205	0.291
23.5	1.769	0.17048	-0.075	0.006	0.978	0.301	1.000	10.377	0.210	0.292
24.0	1.749	0.17965	-0.075	0.006	0.980	0.292	1.000	9.738	0.217	0.293
24.5	1.725	0.18976	-0.076	0.006	0.981	0.282	1.000	9.088	0.223	0.294
25.0	1.698	0.19978	-0.077	0.005	0.983	0.272	1.000	8.502	0.224	0.295

