-10.0	-0.672	0.06790	0.005	0.916	0.007	0.990	0.020	-9.903	0.250	0.258
-9.5	-0.652	0.06362	0.005	0.907	0.007	0.991	0.021	-10.250	0.250	0.258
-9.0	-0.629	0.05962	0.005	0.894	0.007	0.992	0.023	-10.546	0.249	0.259
-8.5	-0.603	0.05579	0.005	0.880	0.007	0.993	0.027	-10.802	0.250	0.259
-8.0	-0.574	0.05235	0.005	0.863	0.008	0.994	0.029	-10.955	0.251	0.259
-7.5	-0.542	0.04901	0.005	0.842	0.008	0.995	0.032	-11.057	0.250	0.260
-7.0	-0.508	0.04589	0.005	0.815	0.009	0.995	0.036	-11.065	0.250	0.261
-6.5	-0.471	0.04290	0.005	0.785	0.009	0.996	0.042	-10.988	0.250	0.261
-6.0	-0.433	0.04017	0.005	0.748	0.010	0.996	0.048	-10.781	0.250	0.262
-5.5	-0.393	0.03747	0.005	0.707	0.011	0.996	0.059	-10.484	0.248	0.264
-5.0	-0.352	0.03439	0.006	0.659	0.012	0.997	0.083	-10.226	0.058	0.266
-4.5	-0.375	0.01029	0.009	0.609	0.012	0.997	0.992	-36.487	0.163	0.273
-4.0	-0.320	0.01022	0.008	0.561	0.013	0.997	0.993	-31.269	0.257	0.276
-3.5	-0.263	0.01022	0.008	0.509	0.015	0.997	0.994	-25.693	0.258	0.280
-3.0	-0.205	0.01110	0.007	0.448	0.016	0.997	0.994	-18.433	0.258	0.287
-2.5	-0.146	0.01139	0.007	0.340	0.018	0.997	0.994	-12.816	0.258	0.298
-2.0	-0.087	0.01135	0.007	0.313	0.021	0.996	0.995	-7.646	0.258	0.325
-1.5	-0.027	0.01123	0.006	0.299	0.024	0.996	0.995	-2.411	0.259	0.472
-1.0	0.033	0.01113	0.005	0.290	0.029	0.996	0.996	2.962	0.259	0.084
-0.5	0.093	0.01107	0.005	0.281	0.035	0.996	0.996	8.416	0.259	0.197
0.0	0.153	0.01100	0.004	0.272	0.044	0.996	0.996	13.954	0.260	0.222
0.5	0.214	0.01097	0.004	0.264	0.062	0.996	0.997	19.462	0.260	0.232
1.0	0.274	0.00827	0.003	0.257	0.824	0.996	0.995	33.100	0.260	0.239
1.5	0.334	0.00842	0.002	0.249	0.837	0.996	0.995	39.634	0.261	0.243
2.0	0.393	0.00858	0.002	0.242	0.848	0.995	0.995	45.843	0.261	0.245
2.5	0.453	0.00879	0.001	0.235	0.859	0.995	0.995	51.537	0.261	0.247
3.0	0.513	0.00903	0.000	0.228	0.869	0.995	0.995	56.773	0.262	0.249
3.5	0.572	0.00928	-0.000	0.221	0.877	0.994	0.995	61.631	0.262	0.250
4.0	0.631	0.00889	-0.001	0.213	0.886	0.994	0.995	71.017	0.263	0.252
4.5	0.690	0.00917	-0.002	0.207	0.893	0.992	0.995	75.253	0.263	0.253
5.0	0.749	0.00949	-0.003	0.199	0.899	0.991	0.995	78.906	0.263	0.253
5.5	0.807	0.00984	-0.003	0.192	0.906	0.989	0.995	82.093	0.264	0.254
6.0	0.865	0.00958	-0.004	0.186	0.911	0.986	0.995	90.289	0.264	0.255
6.5	0.922	0.00942	-0.005	0.178	0.917	0.983	0.995	97.946	0.265	0.255
7.0	0.979	0.01142	-0.006	0.170	0.922	0.977	0.995	85.680	0.265	0.256
7.5	1.034	0.01191	-0.007	0.163	0.926	0.970	0.996	86.801	0.266	0.256
8.0	1.087	0.01251	-0.007	0.154	0.931	0.960	0.996	86.908	0.267	0.257
8.5	1.137	0.01316	-0.008	0.146	0.935	0.946	0.996	86.383	0.268	0.257
9.0	1.184	0.01396	-0.009	0.137	0.939	0.927	0.997	84.852	0.269	0.258
9.5	1.227	0.01515	-0.010	0.128	0.943	0.902	1.000	81.032	0.271	0.258
10.0	1.265	0.01642	-0.011	0.117	0.947	0.868	1.000	77.038	0.273	0.259
10.5	1.298	0.01818	-0.012	0.105	0.950	0.826	1.000	71.396	0.277	0.259
11.0	1.325	0.02060	-0.012	0.091	0.953	0.773	1.000	64.327	0.283	0.259
11.5	1.343	0.02485	-0.013	0.069	0.957	0.701	1.000	54.042	0.344	0.260
12.0	1.336	0.03584	-0.013	0.016	0.959	0.567	1.000	37.274	0.375	0.260
12.5	1.351	0.04105	-0.014	0.010	0.962	0.523	1.000	32.912	0.297	0.260
13.0	1.366	0.04565	-0.015	0.008	0.965	0.492	1.000	29.912	0.306	0.261
13.5	1.377	0.05070	-0.016	0.007	0.968	0.462	1.000	27.151	0.326	0.261
14.0	1.384	0.05622	-0.016	0.005	0.970	0.434	1.000	24.621	0.366	0.262
14.5	1.389	0.06167	-0.017	0.004	0.973	0.410	1.000	22.521	0.489	0.262
15.0	1.390	0.06745	-0.018	0.004	0.976	0.389	1.000	20.611	-1.453	0.263
15.5	1.388	0.07342	-0.018	0.003	0.978	0.369	1.000	18.906	0.061	0.263
16.0	1.383	0.07967	-0.019	0.003	0.980	0.350	1.000	17.354	0.149	0.264
16.5	1.374	0.08619	-0.020	0.002	0.983	0.334	1.000	15.942	0.181	0.264
17.0	1.362	0.09305	-0.021	0.002	0.986	0.318	1.000	14.638	0.197	0.265
17.5	1.347	0.10017	-0.021	0.002	1.000	0.304	1.000	13.451	0.206	0.266
18.0	1.330	0.10780	-0.022	0.001	1.000	0.290	1.000	12.335	0.217	0.267
18.5	1.305	0.11557	-0.023	0.001	1.000	0.276	1.000	11.292	0.225	0.267
19.0	1.276	0.12434	-0.023	0.001	1.000	0.262	1.000	10.265	0.229	0.268
19.5	1.245	0.13400	-0.024	0.001	1.000	0.245	1.000	9.290	0.233	0.269
20.0	1.211	0.14450	-0.024	0.001	1.000	0.228	1.000	8.382	0.234	0.270

