-10.0	-0.739	0.06989	0.006	0.940	0.007	1.000	0.019	-10.568	0.251	0.259
-9.5	-0.716	0.06558	0.006	0.935	0.007	1.000	0.021	-10.918	0.253	0.259
-9.0	-0.690	0.06152	0.006	0.928	0.007	1.000	0.022	-11.218	0.252	0.259
-8.5	-0.662	0.05760	0.006	0.921	0.007	1.000	0.025	-11.490	0.251	0.260
-8.0	-0.630	0.05407	0.006	0.911	0.008	1.000	0.028	-11.661	0.251	0.260
-7.5	-0.597	0.05069	0.006	0.901	0.008	1.000	0.033	-11.775	0.250	0.261
-7.0	-0.561	0.04748	0.006	0.889	0.009	1.000	0.038	-11.814	0.251	0.261
-6.5	-0.523	0.04446	0.006	0.875	0.010	1.000	0.044	-11.764	0.250	0.262
-6.0	-0.483	0.04159	0.006	0.858	0.011	1.000	0.053	-11.608	0.481	0.263
-5.5	-0.543	0.01349	0.011	0.838	0.011	1.000	1.000	-40.229	1.027	0.270
-5.0	-0.488	0.01318	0.010	0.814	0.012	1.000	1.000	-37.038	0.259	0.271
-4.5	-0.432	0.01287	0.010	0.785	0.013	1.000	1.000	-33.595	0.259	0.273
-4.0	-0.374	0.01259	0.009	0.751	0.015	1.000	1.000	-29.671	0.259	0.275
-3.5	-0.315	0.01236	0.009	0.711	0.016	1.000	1.000	-25.443	0.259	0.278
-3.0	-0.255	0.01202	0.008	0.668	0.019	1.000	1.000	-21.259	0.259	0.282
-2.5	-0.196	0.01190	0.008	0.621	0.021	1.000	1.000	-16.504	0.259	0.289
-2.0	-0.137	0.01176	0.007	0.573	0.025	1.000	1.000	-11.678	0.260	0.302
-1.5	-0.078	0.01177	0.007	0.525	0.030	1.000	1.000	-6.649	0.260	0.334
-1.0	-0.019	0.01174	0.006	0.478	0.040	1.000	1.000	-1.637	0.260	0.562
-0.5	0.040	0.00918	0.005	0.429	0.715	1.000	1.000	4.336	0.260	0.115
0.0	0.099	0.00933	0.005	0.377	0.744	1.000	1.000	10.591	0.261	0.202
0.5	0.158	0.00981	0.004	0.307	0.769	1.000	1.000	16.082	0.261	0.224
1.0	0.217	0.01028	0.003	0.208	0.791	1.000	1.000	21.082	0.261	0.234
1.5	0.276	0.01038	0.003	0.198	0.810	1.000	1.000	26.549	0.261	0.240
2.0	0.334	0.01043	0.002	0.189	0.827	1.000	1.000	32.055	0.262	0.244
2.5	0.393	0.01058	0.001	0.181	0.842	1.000	1.000	37.184	0.262	0.246
3.0	0.452	0.01074	0.001	0.174	0.856	1.000	1.000	42.102	0.262	0.248
3.5	0.511	0.01109	0.000	0.167	0.868	1.000	1.000	46.049	0.262	0.250
4.0	0.569	0.01131	-0.001	0.159	0.879	1.000	1.000	50.354	0.262	0.251
4.5	0.628	0.01154	-0.001	0.152	0.889	1.000	1.000	54.414	0.263	0.252
5.0	0.687	0.01178	-0.002	0.146	0.898	1.000	1.000	58.319	0.263	0.253
5.5	0.745	0.01208	-0.003	0.138	0.907	1.000	1.000	61.685	0.263	0.254
6.0	0.804	0.01226	-0.004	0.131	0.914	1.000	1.000	65.566	0.263	0.255
6.5	0.862	0.01279	-0.004	0.124	0.922	1.000	1.000	67.402	0.264	0.255
7.0	0.919	0.01447	-0.005	0.117	0.928	0.993	1.000	63.504	0.264	0.256
7.5	0.976	0.01444	-0.006	0.110	0.935	0.984	1.000	67.544	0.264	0.256
8.0	1.032	0.01592	-0.007	0.102	0.940	0.975	1.000	64.782	0.265	0.257
8.5	1.085	0.01667	-0.008	0.093	0.946	0.961	1.000	65.096	0.266	0.257
9.0	1.131	0.01756	-0.008	0.084	0.950	0.943	1.000	64.405	0.268	0.257
9.5	1.172	0.01867	-0.009	0.074	0.956	0.915	1.000	62.794	0.270	0.258
10.0	1.207	0.02032	-0.010	0.062	0.960	0.873	1.000	59.404	0.273	0.258
10.5	1.233	0.02306	-0.011	0.046	0.964	0.806	1.000	53.442	0.282	0.259
11.0	1.244	0.02834	-0.011	0.026	0.969	0.699	1.000	43.889	0.298	0.259
11.5	1.254	0.03422	-0.012	0.017	0.972	0.610	1.000	36.627	0.305	0.259
12.0	1.262	0.04076	-0.012	0.011	0.977	0.534	1.000	30.956	0.307	0.260
12.5	1.271	0.04694	-0.013	0.009	0.981	0.478	1.000	27.073	0.313	0.260
13.0	1.278	0.05369	-0.013	0.008	0.988	0.427	1.000	23.796	0.341	0.260
13.5	1.281	0.06087	-0.014	0.006	1.000	0.382	1.000	21.051	0.407	0.261
14.0	1.284	0.06811	-0.014	0.005	1.000	0.345	1.000	18.845	0.766	0.261
14.5	1.283	0.07552	-0.015	0.004	1.000	0.313	1.000	16.991	-0.045	0.261
15.0	1.280	0.08299	-0.015	0.004	1.000	0.286	1.000	15.427	0.140	0.262
15.5	1.275	0.09073	-0.015	0.004	1.000	0.262	1.000	14.049	0.184	0.262
16.0	1.266	0.09874	-0.016	0.003	1.000	0.241	1.000	12.825	0.203	0.263
16.5	1.255	0.10688	-0.016	0.003	1.000	0.223	1.000	11.746	0.212	0.263
17.0	1.242	0.11528	-0.017	0.002	1.000	0.207	1.000	10.773	0.218	0.264
17.5	1.227	0.12373	-0.017	0.002	1.000	0.194	1.000	9.913	0.223	0.264
18.0	1.208	0.13307	-0.018	0.002	1.000	0.180	1.000	9.079	0.231	0.265
18.5	1.184	0.14276	-0.018	0.002	1.000	0.166	1.000	8.292	0.236	0.265
19.0	1.155	0.15360	-0.018	0.002	1.000	0.150	1.000	7.522	0.240	0.266
19.5	1.125	0.16501	-0.019	0.001	1.000	0.135	1.000	6.819	0.243	0.267
20.0	1.093	0.17713	-0.019	0.001	1.000	0.119	1.000	6.173	0.244	0.267

