-10.0	-0.796	0.06347	0.009	0.883	0.011	1.000	0.084	-12.545	0.244	0.262
-9.5	-0.767	0.05810	0.010	0.863	0.012	1.000	0.106	-13.208	0.241	0.263
-9.0	-0.739	0.05191	0.010	0.838	0.012	1.000	0.145	-14.239	0.314	0.264
-8.5	-0.837	0.01810	0.014	0.808	0.013	1.000	0.944	-46.242	0.317	0.267
-8.0	-0.795	0.01723	0.014	0.774	0.014	1.000	0.976	-46.155	0.259	0.267
-7.5	-0.747	0.01544	0.013	0.734	0.015	1.000	0.985	-48.369	0.260	0.268
-7.0	-0.696	0.01595	0.013	0.695	0.017	1.000	0.990	-43.656	0.260	0.268
-6.5	-0.644	0.01557	0.012	0.654	0.018	1.000	0.994	-41.353	0.260	0.269
-6.0	-0.590	0.01530	0.012	0.613	0.019	1.000	1.000	-38.546	0.260	0.270
-5.5	-0.532	0.01496	0.011	0.572	0.021	1.000	1.000	-35.539	0.260	0.271
-5.0	-0.472	0.01466	0.011	0.529	0.023	1.000	1.000	-32.216	0.260	0.272
-4.5	-0.413	0.01441	0.010	0.486	0.026	1.000	1.000	-28.623	0.260	0.274
-4.0	-0.353	0.01419	0.009	0.451	0.030	1.000	1.000	-24.869	0.261	0.276
-3.5	-0.293	0.01394	0.009	0.433	0.034	1.000	1.000	-21.042	0.261	0.279
-3.0	-0.234	0.01358	0.008	0.418	0.040	1.000	1.000	-17.221	0.261	0.284
-2.5	-0.174	0.01336	0.007	0.405	0.048	1.000	1.000	-13.044	0.262	0.292
-2.0	-0.115	0.01308	0.007	0.392	0.060	1.000	1.000	-8.761	0.262	0.307
-1.5	-0.055	0.01307	0.006	0.381	0.081	1.000	1.000	-4.211	0.262	0.356
-1.0	0.005	0.01018	0.005	0.370	0.756	1.000	1.000	0.443	0.263	-0.878
-0.5	0.064	0.01015	0.004	0.359	0.775	1.000	1.000	6.313	0.263	0.183
0.0	0.124	0.01023	0.004	0.349	0.792	1.000	1.000	12.082	0.263	0.221
0.5	0.183	0.01031	0.003	0.338	0.806	1.000	1.000	17.766	0.264	0.235
1.0	0.243	0.01040	0.002	0.327	0.819	1.000	1.000	23.328	0.264	0.242
1.5	0.302	0.01052	0.001	0.317	0.831	1.000	1.000	28.717	0.264	0.246
2.0	0.361	0.01056	0.000	0.307	0.841	1.000	1.000	34.237	0.264	0.249
2.5	0.421	0.01071	-0.001	0.297	0.851	1.000	1.000	39.302	0.265	0.252
3.0	0.480	0.01089	-0.002	0.286	0.859	1.000	1.000	44.081	0.265	0.253
3.5	0.540	0.01104	-0.002	0.276	0.867	1.000	1.000	48.857	0.265	0.255
4.0	0.599	0.01128	-0.003	0.266	0.875	1.000	1.000	53.087	0.266	0.256
4.5	0.658	0.01157	-0.004	0.255	0.882	1.000	1.000	56.897	0.266	0.257
5.0	0.717	0.01204	-0.005	0.245	0.890	1.000	1.000	59.577	0.266	0.257
5.5	0.774	0.01270	-0.006	0.234	0.895	0.988	1.000	61.002	0.267	0.258
6.0	0.832	0.01263	-0.007	0.223	0.901	0.981	1.000	65.910	0.267	0.259
6.5	0.890	0.01427	-0.008	0.211	0.907	0.973	1.000	62.319	0.263	0.259
7.0	0.978	0.01482	-0.009	0.199	0.912	0.962	1.000	65.986	0.263	0.259
7.5	1.035	0.01544	-0.010	0.187	0.918	0.949	1.000	67.051	0.267	0.260
8.0	1.092	0.01617	-0.011	0.173	0.922	0.932	1.000	67.504	0.268	0.260
8.5	1.146	0.01707	-0.012	0.159	0.926	0.910	1.000	67.151	0.268	0.260
9.0	1.199	0.01820	-0.013	0.143	0.931	0.883	1.000	65.907	0.280	0.261
9.5	1.209	0.01974	-0.014	0.124	0.935	0.849	1.000	61.262	0.288	0.262
10.0	1.248	0.02179	-0.015	0.103	0.939	0.808	1.000	57.265	0.274	0.262
10.5	1.280	0.02492	-0.016	0.073	0.942	0.755	1.000	51.363	0.277	0.262
11.0	1.308	0.02895	-0.016	0.045	0.946	0.699	1.000	45.181	0.278	0.263
11.5	1.337	0.03264	-0.017	0.030	0.949	0.657	1.000	40.965	0.279	0.263
12.0	1.365	0.03622	-0.018	0.022	0.952	0.622	1.000	37.685	0.281	0.263
12.5	1.391	0.03997	-0.019	0.017	0.956	0.591	1.000	34.797	0.284	0.264
13.0	1.415	0.04367	-0.020	0.015	0.959	0.565	1.000	32.405	0.287	0.264
13.5	1.437	0.04776	-0.021	0.012	0.961	0.539	1.000	30.079	0.293	0.264
14.0	1.454	0.05217	-0.021	0.011	0.964	0.515	1.000	27.867	0.305	0.265
14.5	1.467	0.05670	-0.022	0.010	0.967	0.492	1.000	25.871	0.322	0.265
15.0	1.477	0.06160	-0.023	0.008	0.969	0.471	1.000	23.969	0.352	0.266
15.5	1.483	0.06681	-0.024	0.008	0.972	0.451	1.000	22.199	0.418	0.266
16.0	1.486	0.07222	-0.025	0.007	0.975	0.432	1.000	20.580	0.799	0.267
16.5	1.486	0.07811	-0.026	0.006	0.977	0.413	1.000	19.023	-0.134	0.267
17.0	1.482	0.08446	-0.026	0.006	0.979	0.394	1.000	17.549	0.112	0.268
17.5	1.475	0.09131	-0.027	0.005	0.982	0.375	1.000	16.152	0.166	0.268
18.0	1.465	0.09857	-0.028	0.005	0.985	0.356	1.000	14.860	0.190	0.269
18.5	1.451	0.10646	-0.029	0.004	0.988	0.337	1.000	13.632	0.206	0.270
19.0	1.434	0.11508	-0.029	0.004	1.000	0.316	1.000	12.466	0.217	0.270
19.5	1.415	0.12440	-0.030	0.004	1.000	0.295	1.000	11.375	0.223	0.271
20.0	1.393	0.13449	-0.030	0.004	1.000	0.274	1.000	10.359	0.226	0.272

