-10.0	-0.730	0.06974	0.006	0.935	0.007	1.000	0.030	-10.467	0.250	0.258
-9.5	-0.707	0.06526	0.006	0.924	0.007	1.000	0.034	-10.835	0.251	0.259
-9.0	-0.681	0.06112	0.006	0.909	0.008	1.000	0.038	-11.143	0.250	0.259
-8.5	-0.653	0.05686	0.006	0.891	0.008	1.000	0.045	-11.479	0.250	0.259
-8.0	-0.621	0.05317	0.006	0.866	0.009	1.000	0.051	-11.677	0.250	0.260
-7.5	-0.587	0.04924	0.006	0.835	0.010	1.000	0.064	-11.917	0.245	0.261
-7.0	-0.553	0.04475	0.006	0.794	0.010	1.000	0.093	-12.346	0.345	0.262
-6.5	-0.626	0.01445	0.010	0.746	0.011	1.000	1.000	-43.290	0.389	0.266
-6.0	-0.574	0.01415	0.009	0.697	0.012	1.000	1.000	-40.608	0.258	0.266
-5.5	-0.522	0.01372	0.009	0.647	0.013	1.000	1.000	-38.017	0.258	0.267
-5.0	-0.467	0.01360	0.009	0.598	0.014	1.000	1.000	-34.329	0.259	0.268
-4.5	-0.411	0.01339	0.008	0.548	0.016	1.000	1.000	-30.709	0.259	0.270
-4.0	-0.361	0.01322	0.008	0.495	0.018	1.000	1.000	-27.291	0.259	0.271
-3.5	-0.300	0.01307	0.007	0.451	0.021	1.000	1.000	-22.991	0.259	0.273
-3.0	-0.240	0.01284	0.007	0.431	0.025	1.000	1.000	-18.682	0.259	0.277
-2.5	-0.179	0.01253	0.006	0.415	0.029	1.000	1.000	-14.325	0.259	0.283
-2.0	-0.119	0.01235	0.005	0.401	0.036	1.000	1.000	-9.632	0.260	0.295
-1.5	-0.058	0.01217	0.005	0.388	0.047	1.000	1.000	-4.804	0.260	0.332
-1.0	0.002	0.01200	0.004	0.376	0.066	1.000	1.000	0.169	0.260	-1.810
-0.5	0.063	0.00920	0.004	0.364	0.815	1.000	1.000	6.798	0.260	0.193
0.0	0.123	0.00918	0.003	0.353	0.828	1.000	1.000	13.400	0.261	0.226
0.5	0.184	0.00925	0.002	0.342	0.841	1.000	1.000	19.836	0.261	0.238
1.0	0.244	0.00934	0.002	0.331	0.853	1.000	1.000	26.128	0.261	0.244
1.5	0.305	0.00947	0.001	0.320	0.862	1.000	1.000	32.161	0.262	0.247
2.0	0.365	0.00958	0.000	0.309	0.872	1.000	1.000	38.110	0.262	0.249
2.5	0.425	0.00982	-0.001	0.299	0.879	1.000	1.000	43.330	0.262	0.251
3.0	0.486	0.00999	-0.001	0.287	0.887	1.000	1.000	48.624	0.262	0.253
3.5	0.546	0.01023	-0.002	0.277	0.894	1.000	1.000	53.409	0.263	0.254
4.0	0.607	0.01044	-0.003	0.265	0.901	1.000	1.000	58.092	0.263	0.255
4.5	0.667	0.01068	-0.004	0.254	0.907	1.000	1.000	62.456	0.263	0.255
5.0	0.727	0.01104	-0.004	0.243	0.912	1.000	1.000	65.852	0.263	0.256
5.5	0.787	0.01135	-0.005	0.231	0.918	1.000	1.000	69.355	0.264	0.257
6.0	0.847	0.01171	-0.006	0.219	0.923	1.000	1.000	72.347	0.264	0.257
6.5	0.907	0.01196	-0.007	0.206	0.928	1.000	1.000	75.876	0.264	0.258
7.0	0.964	0.01326	-0.008	0.192	0.933	0.984	1.000	72.755	0.265	0.258
7.5	1.022	0.01450	-0.009	0.177	0.937	0.973	1.000	70.459	0.265	0.258
8.0	1.078	0.01528	-0.009	0.161	0.941	0.958	1.000	70.558	0.271	0.259
8.5	1.101	0.01619	-0.010	0.142	0.945	0.936	1.000	68.031	0.275	0.259
9.0	1.143	0.01756	-0.011	0.118	0.949	0.903	1.000	65.116	0.271	0.260
9.5	1.176	0.02017	-0.012	0.074	0.953	0.840	1.000	58.288	0.275	0.260
10.0	1.198	0.02469	-0.012	0.025	0.956	0.752	1.000	48.533	0.276	0.260
10.5	1.228	0.02754	-0.013	0.017	0.959	0.708	1.000	44.586	0.276	0.261
11.0	1.254	0.03057	-0.014	0.012	0.962	0.669	1.000	41.033	0.279	0.261
11.5	1.278	0.03363	-0.015	0.010	0.966	0.635	1.000	38.007	0.283	0.261
12.0	1.298	0.03714	-0.015	0.009	0.968	0.601	1.000	34.951	0.290	0.262
12.5	1.314	0.04105	-0.016	0.007	0.971	0.569	1.000	32.024	0.299	0.262
13.0	1.327	0.04524	-0.017	0.006	0.974	0.538	1.000	29.338	0.313	0.263
13.5	1.337	0.04973	-0.017	0.005	0.977	0.510	1.000	26.880	0.344	0.263
14.0	1.342	0.05472	-0.018	0.005	0.980	0.481	1.000	24.522	0.441	0.264
14.5	1.344	0.06004	-0.019	0.004	0.982	0.455	1.000	22.382	-3.298	0.264
15.0	1.342	0.06598	-0.019	0.004	0.986	0.428	1.000	20.333	0.077	0.265
15.5	1.336	0.07203	-0.020	0.004	1.000	0.404	1.000	18.552	0.170	0.265
16.0	1.326	0.07917	-0.021	0.003	1.000	0.376	1.000	16.752	0.205	0.266
16.5	1.312	0.08752	-0.021	0.003	1.000	0.345	1.000	14.989	0.224	0.266
17.0	1.291	0.09733	-0.022	0.003	1.000	0.310	1.000	13.265	0.237	0.267
17.5	1.262	0.10907	-0.022	0.002	1.000	0.269	1.000	11.574	0.247	0.267
18.0	1.229	0.12303	-0.022	0.002	1.000	0.221	1.000	9.991	0.256	0.268
18.5	1.193	0.13908	-0.021	0.002	1.000	0.169	1.000	8.576	0.265	0.268
19.0	1.155	0.15621	-0.021	0.002	1.000	0.119	1.000	7.392	0.273	0.268
19.5	1.118	0.17248	-0.020	0.002	1.000	0.078	1.000	6.482	0.273	0.268
20.0	1.085	0.18594	-0.019	0.002	1.000	0.057	1.000	5.837	0.268	0.268

