-1.481533         -1.701858  
-1.426585         -1.138152  
-1.33651          -0.7826883  
-1.213525         -0.6116475  
-1.06066          -0.5492557  
-0.8816779        -0.5523328  
-0.6809857        -0.5892829  
-0.4635255        -0.5840967  
-0.2346517        -0.60988  
-2.423317e-15     -0.6892831  
0.2346517         -0.60988  
0.4635255         -0.5840967  
0.6809857         -0.5892829  
0.8816779         -0.5523328  
1.06066           -0.5492557  
1.213525          -0.6116475  
1.33651           -0.7826883  
1.426585          -1.138152  
1.481533          -1.701858  

