-1.481533        0.04785793  
-1.426585        0.02090248  
-1.33651         0.009918948  
-1.213525        0.006216083  
-1.06066         0.005183082  
-0.8816779       0.005304054  
-0.6809857       0.006065445  
-0.4635255       0.007489809  
-0.2346517       0.009776231  
-2.423317e-15    0.01447336  
0.2346517        0.009776231  
0.4635255        0.007489809  
0.6809857        0.006065445  
0.8816779        0.005304054  
1.06066          0.005183082  
1.213525         0.006216083  
1.33651          0.009918948  
1.426585         0.02090248  
1.481533         0.04785793  

