-1.23461          -1.59657  
-1.188821         -1.256605  
-1.113758         -0.9930723  
-1.011271         -0.7975029  
-0.8838835        -0.6560805  
-0.7347316        -0.5560647  
-0.5674881        -0.4874733  
-0.3862712        -0.4430677  
-0.1955431        -0.4181993  
-2.019431e-15     -0.4101916  
0.1955431         -0.4181993  
0.3862712         -0.4430677  
0.5674881         -0.4874733  
0.7347316         -0.5560647  
0.8838835         -0.6560805  
1.011271          -0.7975029  
1.113758          -0.9930723  
1.188821          -1.256605  
1.23461           -1.59657  

