  -5.000  -0.5086   0.01480   0.00822   0.0061  0.7510  0.0142  -3.4625   0.0000   0.2574
  -4.500  -0.4545   0.01353   0.00678   0.0068  0.7388  0.0159  -2.9723   0.0000   0.2606
  -4.000  -0.4001   0.01255   0.00559   0.0075  0.7264  0.0172  -2.6122   0.0000   0.2646
  -3.500  -0.3452   0.01146   0.00430   0.0081  0.7144  0.0218  -2.3059   0.0000   0.2696
  -3.000  -0.2913   0.00999   0.00326   0.0089  0.7018  0.1242  -2.1612   0.0000   0.2766
  -2.500  -0.2361   0.00954   0.00290   0.0092  0.6874  0.1792  -1.7940   0.0000   0.2852
  -2.000  -0.1809   0.00887   0.00261   0.0094  0.6762  0.2814  -1.4233   0.0000   0.2979
  -1.500  -0.1265   0.00815   0.00233   0.0098  0.6617  0.4110  -1.0772   0.0000   0.3233
  -1.000  -0.0742   0.00750   0.00217   0.0107  0.6451  0.5829  -0.7604   0.0000   0.3895
   0.000   0.0563   0.00638   0.00198   0.0087  0.6107  0.9643  -0.5101   0.0000   0.0951
   0.500   0.1431   0.00639   0.00189   0.0025  0.5922  1.0000  -0.5895   0.0000   0.2307
   1.000   0.1979   0.00647   0.00177   0.0029  0.5688  1.0000  -0.6508   0.0000   0.2328
   1.500   0.2529   0.00652   0.00170   0.0033  0.5437  1.0000  -0.7173   0.0000   0.2341
   2.000   0.3082   0.00666   0.00174   0.0036  0.5194  1.0000  -0.7884   0.0000   0.2352
   2.500   0.3636   0.00686   0.00179   0.0038  0.4916  1.0000  -0.8640   0.0000   0.2360
   3.000   0.4190   0.00709   0.00188   0.0040  0.4629  1.0000  -0.9578   0.0000   0.2366
   3.500   0.4745   0.00732   0.00204   0.0042  0.4366  1.0000  -1.0536   0.0000   0.2370
   4.000   0.5298   0.00763   0.00223   0.0043  0.4049  1.0000  -1.1646   0.0000   0.2373
   4.500   0.5851   0.00798   0.00256   0.0044  0.3761  1.0000  -1.2961   0.0000   0.2375
   5.000   0.6401   0.00839   0.00286   0.0045  0.3446  1.0000  -1.4540   0.0000   0.2377
   5.500   0.6950   0.00886   0.00322   0.0045  0.3124  1.0000  -1.6616   0.0000   0.2378
   6.000   0.7496   0.00937   0.00364   0.0045  0.2796  1.0000  -1.9091   0.0000   0.2377
   6.500   0.8038   0.00995   0.00414   0.0045  0.2482  1.0000  -2.1654   0.0000   0.2377
   7.000   0.8575   0.01061   0.00480   0.0045  0.2154  1.0000  -2.4317   0.0000   0.2375
   7.500   0.9104   0.01138   0.00545   0.0044  0.1787  1.0000  -2.7089   0.0000   0.2373
   8.000   0.9612   0.01252   0.00629   0.0043  0.1268  1.0000  -3.0528   0.0000   0.2371
   8.500   1.0105   0.01384   0.00734   0.0042  0.0837  1.0000  -3.4567   0.0000   0.2368
   9.000   1.0591   0.01509   0.00845   0.0043  0.0589  1.0000  -3.9457   0.0000   0.2362
   9.500   1.1065   0.01637   0.00970   0.0044  0.0403  1.0000  -4.5901   0.0000   0.2355
  10.000   1.1525   0.01771   0.01101   0.0047  0.0282  1.0000  -5.2657   0.0000   0.2347
  10.500   1.1960   0.01920   0.01250   0.0051  0.0195  1.0000  -5.9371   0.0000   0.2338
  11.000   1.2300   0.02163   0.01490   0.0058  0.0058  1.0000  -6.5130   0.0000   0.2326
  11.500   1.2615   0.02396   0.01744   0.0066  0.0037  1.0000  -7.0468   0.0000   0.2312
  12.000   1.2781   0.02710   0.02087   0.0074  0.0034  1.0000  -7.4858   0.0000   0.2298
  12.500   1.2875   0.03121   0.02531   0.0075  0.0033  1.0000  -7.8838   0.0000   0.2289
  13.000   1.2876   0.03668   0.03109   0.0067  0.0032  1.0000  -8.1761   0.0000   0.2285
  13.500   1.2787   0.04367   0.03839   0.0048  0.0032  1.0000  -8.3732   0.0000   0.2291
  14.000   1.2622   0.05209   0.04712   0.0017  0.0032  1.0000  -8.4848   0.0000   0.2304
  14.500   1.2408   0.06188   0.05721  -0.0024  0.0032  1.0000  -8.5320   0.0000   0.2328
  15.000   1.2150   0.07301   0.06863  -0.0075  0.0032  1.0000  -8.5043   0.0000   0.2361


