-1.23461        0.04358211  
-1.188821       0.08006071  
-1.113758       0.1082623  
-1.011271       0.1292011  
-0.8838835      0.1443427  
-0.7347316      0.155051  
-0.5674881      0.1623922  
-0.3862712      0.1671373  
-0.1955431      0.1697947  
-2.019431e-15   0.1706504  
0.1955431       0.1697947  
0.3862712       0.1671373  
0.5674881       0.1623922  
0.7347316       0.155051  
0.8838835       0.1443427  
1.011271        0.1292011  
1.113758        0.1082623  
1.188821        0.08006071  
1.23461         0.04358211  

