-1.481533         0.2434636  
-1.426585         0.4052439  
-1.33651          0.4935856  
-1.213525         0.5352928  
-1.06066          0.5501979  
-0.8816779        0.549643  
-0.6809857        0.5394999  
-0.4635255        0.5220113  
-0.2346517        0.4977427  
-2.423317e-15     0.4629509  
0.2346517         0.4977427  
0.4635255         0.5220113  
0.6809857         0.5394999  
0.8816779         0.549643  
1.06066           0.5501979  
1.213525          0.5352928  
1.33651           0.4935856  
1.426585          0.4052439  
1.481533          0.2434636  

