-1.481533       -0.00257868  
-1.426585       -0.004040344  
-1.33651        -0.004635929  
-1.213525       -0.004836717  
-1.06066        -0.004892732  
-0.8816779      -0.004886172  
-0.6809857      -0.004844886  
-0.4635255      -0.004767649  
-0.2346517      -0.004643668  
-2.423317e-15   -0.004388965  
0.2346517       -0.004643668  
0.4635255       -0.004767649  
0.6809857       -0.004844886  
0.8816779       -0.004886172  
1.06066         -0.004892732  
1.213525        -0.004836717  
1.33651         -0.004635929  
1.426585        -0.004040344  
1.481533        -0.00257868  

