3.4107348399765587
5.826533084869957
7.429340081743669
8.69573936713396
9.76094700872237
10.689590377519119
11.518728665982692
12.270707679804348
12.960092212426638
13.59754486732423
14.19146186838433
14.748461264946336
15.273605348962489
15.770723436640841
16.242818742101257
16.692419117000533
17.12177995154705
17.532941770675464
17.927705998139366
18.307600707285665
18.67388103092605
19.027572770458374
19.369541839512248
19.700563412304376
20.021370175993816
20.332671557806602
20.6351479881601
20.92943167361123
21.216086772330748
21.49559856247664
21.76837561945028
22.034763598958396
22.29506560881743
22.54956296247462
22.798531067542932
23.042247496010546
23.280991937500573
23.515039936454244
23.74465357107227
23.970072425350168
24.19150751470683
24.409139607776766
24.623122045788367
24.83358703979532
25.040653742266404
25.244436214803432
25.44504969130818
25.642614121767167
25.83725469459698
26.02909970253438
26.218276608097824
26.404907409457607
26.589104397750724
26.77096717537695
26.950581447646545
27.128019695871757
27.303343470911
27.476606774516284
27.64785985615945
27.81715275101397
27.98453800125171
28.15007220124049
28.313816242754637
28.475834364623655
28.63619229572108
28.794954896598544
28.952183743475867
29.107935062442866
29.262258326373995
29.415195694081365
29.566782325286447
29.717047469432483
29.866016119991713
30.01371096090473
30.160154312816154
30.305369811412604
30.449383610171164
30.592224983026355
30.73392629495344
30.87452239671037
31.014049572563383
31.15254421870769
31.29004145125025
31.426573836050395
31.562170401988073
31.696856050582767
31.830651416160762
31.96357317022159
32.09563470892175
32.22684711981837
32.357220297279234
32.48676406702939
32.615489188650116
32.743408127979365
32.87053552531779
32.996888325283514
33.12248557501999
33.247347934540706
33.37149697245546
33.49495433950405
33.617740919943586
33.739876056982894
33.861376934446476
33.98225817497896
34.102531688296544
34.22220677445865
34.341290459987896
34.459788021622884
34.57770363561664
34.69504108107177
34.81180442424516
34.92799861666274
35.043629952139085
35.15870634474395
35.27323740940835
35.38723434711442
35.50070965546683
35.61367670117499
35.72614920229722
35.838140674217385
35.949663894010406
36.060730433383725
36.17135030150242
36.28153172680881
36.39128109275653
36.50060302760655
36.609500634445034
36.717975835590735
36.82602979650826
36.93366338886132
37.04087765070092
37.147674203904984
37.2540555944694
37.36002552943271
37.46558899423949
37.57075224526012
37.67552268300911
37.77990862143601
37.88391897673439
37.987562904846264
38.09084941988574
38.19378702595509
38.29638339240556
38.39864509784166
38.50057746157904
38.60218447347261
38.70346882471044
38.8044320340098
38.9050746562923
39.005396554890766
39.10539721406161
39.20507606628727
39.30443280863876
39.40346768424543
39.50218170845806
39.600576824243035
39.69865597726715
39.796423107535944
39.89388306083125
39.991041429081015
40.0879043337713
40.184478170248724
40.28076933304431
40.376783943067075
40.4725275966887
40.568005154491175
40.66322058400043
40.75817686637856
40.852875972143096
40.94731890589405
41.04150581512787
41.13543615383625
41.22910888801599
41.32252272766971
41.41567636849167
41.508568726261316
41.60119914797116
41.693567585784386
41.785674722865956
41.87752204373041
41.969111845725536
42.060447192348995
42.15153181299126
42.242369957162644
42.332966214080884
42.42332531049911
42.51345190074803
42.60335036310136
42.69302461578192
42.78247796428762
42.8717129893664
42.96073148208725
43.049534429239465
43.13812204896537
43.226493873308506
43.31464887143937
43.40258560488328
43.49030240425469
43.57779755589753
43.665069486484526
43.75211693404182
43.83893909498587
43.92553573849848
44.01190728179379
44.09805482239862
44.183980126305734
44.26968557359546
44.35517406568733
44.440448900632404
44.52551362465703
44.61037186942877
44.69502718517075
44.77948287978573
44.86374187357147
44.94780657797811
45.031678805247864
45.115359713802484
45.198849792029044
45.2821488807935
45.365256232729614
45.448170604230704
45.53089037424308
45.613413682511165
45.695738578938276
45.777863175240135
45.85978579010474
45.94150507960785
46.02302014563253
46.10433061643207
46.18543669516791
46.26633917415131
46.34703941449904
46.42753929287342
46.50784111880087
46.58794752765572
46.66786135567078
46.74758550423178
46.827122801189056
46.906475866953684
46.985646992755925
47.06463803764936
47.143450349706924
47.22208471543948
47.300541339858
47.37881985788873
47.4569193761324
47.534838542324366
47.61257563839327
47.69012869179866
47.76749559892495
47.84467425374839
47.9216626748107
47.99845912372204
48.07506220896314
48.15147096962589
48.2276849348684
48.303704156206045
48.379529211230526
48.45516117887319
48.530601587823696
48.60585234109846
48.680915620964306
48.75579377939216
48.830489219904734
48.905004277055895
48.979341099825135
49.053501544933496
49.12748708550303
49.201298739630374
49.27493702236774
49.34840192336835
49.421692911116516
49.49480896329493
49.567748621521055
49.64051006746407
49.71309121630479
49.78548982266702
49.85770359356949
49.92973030265258
50.00156789992491
50.073214611558186
50.14466902480903
50.21593015393548
50.28699748395992
50.35787099026206
50.42855113319855
50.49903882819114
50.56933539293046
50.639442474455926
50.70936195983742
50.7790958749575
50.84864627643835
50.91801514205146
50.98720426497869
51.056215157063896
51.12504896571882
51.19370640844725
51.26218772807105
51.33049267071874
51.39862048752308
51.466569959830096
51.53433944658868
51.60192695153976
51.66933020688867
51.73654676937864
51.803574124118036
51.87040979117233
51.93705142982891
52.003496935585716
52.069744525283234
52.13579280638848
52.2016408272066
52.267288105712275
52.33273463570921
52.39798087009896
52.46302768211123
52.52787630637793
52.59252826266561
52.65698526587678
52.72124912655585
52.785321646560824
52.84920451476422
52.91289920763307
52.97640689928858
53.03972838519699
53.10286402299768
53.16581369317597
53.22857678136523
53.29115218306822
53.35353833055288
53.41573324066689
53.4777345813599
53.53953975385478
53.601145986699386
53.662550437400874
53.723750297003384
53.78474289284628
53.84552578482785
53.906096850799905
53.96645435721475
54.02659701181394
54.08652399596175
54.14623497514201
54.205730087119996
54.265009908273036
54.32407539957135
54.38292783460223
54.441568712832634
54.49999966196499
54.55822233373042
54.6162382977563
54.67404893823567
54.73165535800626
54.7890582943217
54.846258050087066
54.90325444365078
54.9600467794297
55.01663384073055
55.07301390515205
55.129184781962124
55.185143869873045
55.2408882327408
55.296414689919374
55.35171991734941
55.406800554981245
55.46165331583624
55.516275091928364
55.57066305238314
55.624814729415455
55.67872808833837
55.732401578453306
55.785834162487355
55.83902532316507
55.89197504648342
55.944683782267056
55.99715238356382
56.049382027362846
56.10137411993767
56.153130190795984
56.20465177973216
56.2559403218028
56.30699703516361
56.35782281661488
56.40841814940615
56.45878302735356
56.50891689865746
56.55881863198717
56.60848650647032
56.65791822621487
56.70711095895298
56.75606139736355
56.80476584065385
56.85322029309923
56.90142057548767
56.9493624448353
56.99704171734022
57.04445438936002
57.09159675122766
57.138465488971384
57.185057769462844
57.2313713051691
57.27740439550057
57.32315594269985
57.36862544126013
57.41381294096537
57.458718984749346
57.50334452364053
57.54769081205035
57.591759287521306
57.63555143975831
57.679068674274745
57.722312176282806
57.76528278052353
57.807980852565095
57.850406186699146
57.892557924949685
57.93443450089768
57.976033611053325
58.01735221540235
58.05838656757302
58.099132273848596
58.13958437904052
58.17973747609612
58.21958583527374
58.25912354783948
58.29834467854407
58.337243420669765
58.37581424721221
58.41405205179092
58.451952273178186
58.48951099787911
58.5267250359777
58.56359196645355
58.60011014933796
58.63627870336961
58.67209744918284
58.70756681946511
58.74268773889011
58.77746147792702
58.81188948578081
58.845973208690346
58.879713900558926
58.91311243337672
58.946169115096794
58.978883522528264
59.01125435641059
59.04327932513794
59.07495506263736
59.1062770846904
59.13723978657825
59.16783648336209
59.19805949244844
59.22790025639114
59.2573495022094
59.286397431923625
59.31503393758585
59.34324883286749
59.371032092319275
59.398374088771554
59.425265819038685
59.451699108142726
59.4776667826923
59.50316280483189
59.52818235930476
59.552721887606445
59.57677906491732
59.600352717422126
59.62344267970262
59.64604959405158
59.66817465572588
59.689819310263104
59.71098491095264
59.73167234630392
59.75188164883053
59.77161159760826
59.7908593278182
59.80961996082687
59.827886268248754
59.845648382888285
59.86289356846774
59.87960605864241
59.89576697401817
59.911354323774184
59.926343096111836
59.94070543917767
59.95441093141899
59.96742693761109
59.979719044132715
59.99125156454666
60.00198810424582
60.01189217093244
60.02092781607046
60.02906029124752
60.036256702649546
60.04248664660628
60.047722809433004
60.0519415155616
60.05512320920522
60.05725285650087
60.05832025717006
60.05832025717006
60.05725285650087
60.05512320920522
60.0519415155616
60.047722809433004
60.04248664660628
60.036256702649546
60.02906029124752
60.02092781607046
60.01189217093244
60.001988104245804
59.99125156454666
59.979719044132715
59.96742693761109
59.95441093141898
59.94070543917767
59.926343096111836
59.91135432377416
59.89576697401816
59.879606058642395
59.862893568467726
59.84564838288828
59.82788626824873
59.80961996082687
59.79085932781822
59.77161159760826
59.751881648830505
59.73167234630391
59.71098491095264
59.689819310263104
59.668174655725856
59.64604959405157
59.62344267970262
59.60035271742215
59.576779064917325
59.55272188760646
59.52818235930477
59.503162804831895
59.4776667826923
59.45169910814272
59.425265819038685
59.398374088771554
59.371032092319275
59.343248832867474
59.31503393758585
59.286397431923625
59.2573495022094
59.22790025639114
59.19805949244844
59.16783648336209
59.13723978657825
59.1062770846904
59.07495506263736
59.04327932513794
59.01125435641062
58.9788835225283
58.9461691150968
58.91311243337673
58.879713900558926
58.84597320869036
58.81188948578084
58.777461477927034
58.74268773889011
58.70756681946508
58.672097449182814
58.636278703369605
58.60011014933796
58.56359196645357
58.52672503597773
58.48951099787912
58.451952273178215
58.41405205179092
58.37581424721224
58.337243420669765
58.29834467854407
58.259123547839465
58.21958583527374
58.17973747609611
58.13958437904052
58.09913227384858
58.05838656757302
58.01735221540234
57.97603361105337
57.93443450089768
57.892557924949706
57.85040618669916
57.807980852565116
57.76528278052355
57.72231217628282
57.67906867427476
57.63555143975831
57.59175928752132
57.54769081205038
57.50334452364055
57.458718984749346
57.41381294096537
57.36862544126013
57.32315594269986
57.27740439550057
57.23137130516911
57.185057769462844
57.138465488971406
57.091596751227684
57.044454389360055
56.99704171734023
56.94936244483533
56.9014205754877
56.85322029309926
56.804765840653836
56.756061397363595
56.70711095895301
56.6579182262149
56.60848650647036
56.55881863198721
56.50891689865746
56.45878302735359
56.408418149406174
56.35782281661491
56.30699703516364
56.25594032180282
56.20465177973218
56.153130190795984
56.10137411993767
56.049382027362846
55.99715238356384
55.944683782267035
55.89197504648341
55.839025323165075
55.78583416248738
55.73240157845334
55.6787280883384
55.62481472941547
55.57066305238316
55.516275091928364
55.46165331583626
55.40680055498126
55.35171991734942
55.29641468991937
55.240888232740815
55.185143869873045
55.1291847819621
55.07301390515202
55.01663384073052
54.96004677942967
54.90325444365079
54.84625805008708
54.789058294321705
54.73165535800626
54.67404893823572
54.61623829775633
54.558222333730455
54.499999661965035
54.44156871283266
54.38292783460226
54.32407539957138
54.26500990827305
54.20573008712001
54.14623497514201
54.086523995961755
54.02659701181394
53.96645435721475
53.90609685079992
53.845525784827856
53.7847428928463
53.723750297003406
53.66255043740088
53.60114598669942
53.53953975385481
53.47773458135993
53.415733240666896
53.35353833055289
53.291152183068235
53.22857678136525
53.16581369317599
53.102864022997714
53.039728385197
52.976406899288584
52.912899207633075
52.849204514764196
52.78532164656082
52.721249126555854
52.65698526587677
52.59252826266563
52.52787630637795
52.46302768211125
52.39798087009896
52.3327346357092
52.26728810571224
52.20164082720658
52.135792806388466
52.06974452528321
52.003496935585694
51.93705142982889
51.8704097911723
51.80357412411802
51.73654676937863
51.66933020688865
51.601926951539774
51.53433944658872
51.46656995983013
51.39862048752312
51.330492670718776
51.262187728071076
51.193706408447284
51.125048965718854
51.056215157063946
50.987204264978764
50.918015142051516
50.8486462764384
50.779095874957534
50.70936195983742
50.639442474455954
50.56933539293047
50.49903882819111
50.428551133198546
50.35787099026204
50.28699748395991
50.215930153935446
50.14466902480901
50.07321461155817
50.00156789992491
49.92973030265257
49.857703593569475
49.78548982266702
49.713091216304825
49.64051006746409
49.5677486215211
49.49480896329496
49.42169291111656
49.34840192336836
49.27493702236774
49.20129873963039
49.12748708550304
49.0535015449335
48.97934109982515
48.905004277055895
48.83048921990476
48.755793779392135
48.68091562096427
48.60585234109841
48.53060158782366
48.45516117887312
48.37952921123049
48.30370415620599
48.227684934868336
48.15147096962585
48.07506220896308
47.998459123722
47.92166267481066
47.84467425374841
47.76749559892497
47.6901286917987
47.612575638393324
47.53483854232444
47.45691937613245
47.378819857888764
47.30054133985804
47.22208471543953
47.14345034970698
47.06463803764941
46.98564699275597
46.90647586695371
46.82712280118906
46.74758550423178
46.66786135567078
46.58794752765572
46.507841118800854
46.42753929287342
46.34703941449901
46.266339174151305
46.18543669516787
46.10433061643203
46.02302014563251
45.94150507960779
45.85978579010471
45.77786317524012
45.69573857893827
45.613413682511194
45.53089037424309
45.44817060423073
45.36525623272963
45.2821488807935
45.19884979202905
45.11535971380248
45.03167880524786
44.94780657797811
44.863741873571435
44.7794828797857
44.69502718517073
44.610371869428725
44.525513624656995
44.44044890063233
44.35517406568726
44.269685573595396
44.18398012630565
44.098054822398545
44.01190728179375
43.92553573849841
43.838939094985825
43.75211693404181
43.665069486484526
43.577797555897526
43.49030240425467
43.40258560488325
43.31464887143937
43.226493873308506
43.13812204896536
43.04953442923946
42.960731482087226
42.87171298936637
42.78247796428757
42.69302461578189
42.60335036310135
42.51345190074803
42.4233253104991
42.33296621408091
42.24236995716264
42.151531812991244
42.06044719234897
41.969111845725514
41.87752204373038
41.785674722865956
41.693567585784365
41.60119914797115
41.50856872626132
41.41567636849164
41.32252272766969
41.22910888801598
41.135436153836224
41.04150581512784
40.947318905894036
40.85287597214311
40.75817686637857
40.66322058400043
40.56800515449116
40.47252759668871
40.376783943067075
40.280769333044304
40.1844781702487
40.08790433377129
39.991041429081015
39.89388306083121
39.796423107535915
39.69865597726713
39.600576824243
39.502181708458025
39.40346768424541
39.30443280863874
39.20507606628725
39.10539721406158
39.00539655489076
38.905074656292285
38.80443203400977
38.70346882471042
38.6021844734726
38.50057746157904
38.39864509784166
38.29638339240555
38.19378702595508
38.090849419885735
37.98756290484624
37.883918976734385
37.77990862143601
37.6755226830091
37.570752245260124
37.46558899423947
37.360025529432725
37.25405559446938
37.14767420390496
37.040877650700885
36.933663388861305
36.82602979650823
36.717975835590735
36.60950063444502
36.50060302760655
36.3912810927565
36.281531726808794
36.17135030150241
36.060730433383725
35.94966389401039
35.838140674217364
35.726149202297165
35.613676701174974
35.50070965546678
35.38723434711439
35.27323740940828
35.158706344743905
35.04362995213905
34.927998616662684
34.811804424245125
34.695041081071736
34.5777036356166
34.45978802162282
34.341290459987846
34.22220677445861
34.10253168829652
33.98225817497896
33.86137693444644
33.73987605698286
33.61774091994352
33.49495433950399
33.37149697245542
33.24734793454063
33.12248557501993
32.99688832528347
32.87053552531778
32.74340812797936
32.6154891886501
32.48676406702935
32.35722029727921
32.22684711981833
32.09563470892169
31.96357317022151
31.830651416160723
31.696856050582717
31.56217040198802
31.426573836050316
31.290041451250207
31.152544218707657
31.014049572563348
30.874522396710308
30.733926294953406
30.592224983026306
30.449383610171115
30.305369811412532
30.1601543128161
30.013710960904668
29.866016119991674
29.717047469432426
29.566782325286418
29.415195694081326
29.26225832637396
29.107935062442813
28.952183743475842
28.794954896598494
28.636192295721038
28.475834364623587
28.313816242754605
28.150072201240437
27.984538001251675
27.817152751013936
27.647859856159428
27.476606774516238
27.30334347091095
27.12801969587172
26.950581447646535
26.77096717537689
26.58910439775069
26.404907409457557
26.21827660809779
26.02909970253436
25.83725469459696
25.642614121767167
25.445049691308164
25.244436214803393
25.040653742266365
24.833587039795304
24.623122045788353
24.409139607776755
24.191507514706785
23.970072425350168
23.744653571072234
23.515039936454194
23.280991937500556
23.04224749601055
22.798531067542893
22.549562962474567
22.2950656088174
22.03476359895837
21.768375619450254
21.49559856247658
21.21608677233071
20.929431673611216
20.635147988160064
20.332671557806556
20.02137017599375
19.700563412304337
19.36954183951221
19.0275727704583
18.673881030925962
18.307600707285655
17.92770599813928
17.532941770675396
17.12177995154703
16.692419117000515
16.242818742101203
15.770723436640761
15.273605348962453
14.748461264946295
14.191461868384268
13.59754486732416
12.960092212426616
12.27070767980433
11.518728665982659
10.689590377519
9.760947008722361
8.695739367133939
7.429340081743567
5.826533084869786
3.4107348399767248
