-1.481533       -0.04013211  
-1.426585       -0.05936563  
-1.33651        -0.05747805  
-1.213525       -0.04046878  
-1.06066        -0.01369993  
-0.8816779       0.01819468  
-0.6809857       0.05189934  
-0.4635255       0.08347668  
-0.2346517       0.1087894  
-2.423317e-15    0.1182819  
0.2346517        0.1087894  
0.4635255        0.08347668  
0.6809857        0.05189934  
0.8816779        0.01819468  
1.06066         -0.01369993  
1.213525        -0.04046878  
1.33651         -0.05747805  
1.426585        -0.05936563  
1.481533        -0.04013211  

