-1.481533         0.1083726  
-1.426585         0.1817975  
-1.33651          0.2211689  
-1.213525         0.2388398  
-1.06066          0.2438732  
-0.8816779        0.241443  
-0.6809857        0.2335535  
-0.4635255        0.220203  
-0.2346517        0.2050671  
-2.423317e-15     0.1885241  
0.2346517         0.2050671  
0.4635255         0.220203  
0.6809857         0.2335535  
0.8816779         0.241443  
1.06066           0.2438732  
1.213525          0.2388398  
1.33651           0.2211689  
1.426585          0.1817975  
1.481533          0.1083726  

