2.0314318398061872	-1.24875
4.195520693754962	-1.24625
5.225643491345696	-1.2437500000000001
6.365887202345714	-1.24125
7.1427548201138515	-1.23875
7.743734822775765	-1.23625
8.394891970474808	-1.2337500000000001
9.062519802157192	-1.23125
9.633874130226086	-1.22875
10.084400383399819	-1.22625
10.476681168594322	-1.2237500000000001
10.879983609962999	-1.22125
11.31486991030446	-1.21875
11.754366423628555	-1.21625
12.15795604368902	-1.21375
12.503446723919438	-1.21125
12.797698210283398	-1.20875
13.067083620258188	-1.20625
13.339480428708315	-1.20375
13.6298768400112	-1.20125
13.935803720669355	-1.19875
14.242110310091151	-1.19625
14.530470041629307	-1.19375
14.788273113223077	-1.19125
15.013312747865134	-1.18875
15.213336616207044	-1.18625
15.401773697413791	-1.18375
15.592057477117734	-1.18125
15.792895610055723	-1.17875
16.00596111664639	-1.17625
16.226328897704917	-1.17375
16.445008538418303	-1.1712500000000001
16.652391396723	-1.16875
16.84138638034023	-1.16625
17.009353434203774	-1.16375
17.158465624584945	-1.1612500000000001
17.29464662394559	-1.15875
17.42559892279289	-1.15625
17.558593207410233	-1.15375
17.698637377784646	-1.15125
17.8474426056671	-1.14875
18.00333545027271	-1.14625
18.162008991880956	-1.14375
18.317821150667466	-1.14125
18.465264230863777	-1.13875
18.600246309917917	-1.13625
18.72091977558351	-1.13375
18.827929902708163	-1.13125
18.924099420029478	-1.1287500000000001
19.0136822738265	-1.12625
19.101391336111718	-1.12375
19.191423786544135	-1.12125
19.286679266480125	-1.11875
19.388303079901558	-1.11625
19.495607342110667	-1.11375
19.606344755576618	-1.11125
19.717247064597544	-1.1087500000000001
19.824702334648055	-1.10625
19.92543514896855	-1.10375
20.017069264708287	-1.10125
20.09848677466631	-1.0987500000000001
20.169942658777476	-1.09625
20.232939668688694	-1.09375
20.289907862230557	-1.09125
20.343760203981454	-1.08875
20.397407739000705	-1.08625
20.453315029314844	-1.08375
20.513161283213307	-1.08125
20.57764897639496	-1.07875
20.64647455170036	-1.07625
20.718449650806434	-1.07375
20.791740115302545	-1.07125
20.864176255539366	-1.06875
20.933582709849652	-1.0662500000000001
20.998079270731598	-1.06375
21.056313838009753	-1.06125
21.10760288828472	-1.05875
21.15197089750205	-1.05625
21.19009547132473	-1.05375
21.223177409712406	-1.05125
21.252763114290083	-1.04875
21.28054998409545	-1.0462500000000001
21.308203859949916	-1.04375
21.3372119568883	-1.04125
21.368786329318873	-1.03875
21.403823251935034	-1.0362500000000001
21.442914490222346	-1.03375
21.48639860282085	-1.03125
21.534435138303856	-1.02875
21.587082391741774	-1.02625
21.644360333416998	-1.02375
21.70628404355164	-1.02125
21.772858770003506	-1.01875
21.844034636829534	-1.01625
21.919626053496202	-1.01375
21.999207042096586	-1.01125
22.08199821579664	-1.00875
22.166763461956492	-1.00625
22.251734265741515	-1.0037500000000001
22.334577122884188	-1.00125
22.41241498460239	-0.99875
22.481907729235818	-0.9962500000000001
22.539389985319122	-0.99375
22.581058017170754	-0.99125
22.60319157114704	-0.98875
22.602392200320825	-0.9862500000000001
22.57581709446115	-0.98375
22.521387083219974	-0.98125
22.437949266384955	-0.97875
22.325378449157686	-0.9762500000000001
22.18460682734612	-0.97375
22.017577641418978	-0.97125
21.82712518257511	-0.96875
21.616789953533864	-0.96625
21.390583370532866	-0.96375
21.152720647292796	-0.9612499999999999
20.90734307168037	-0.95875
20.658251581848983	-0.95625
20.408672355996075	-0.9537500000000001
20.161072201905625	-0.95125
19.91703716925349	-0.94875
19.677222422923908	-0.94625
19.44137549532139	-0.9437500000000001
19.20842909294971	-0.94125
18.976654162533446	-0.93875
18.743859360907308	-0.93625
18.507619764368528	-0.9337500000000001
18.265515823938035	-0.93125
18.015363319842216	-0.92875
17.75541635667062	-0.92625
17.48452811263949	-0.9237500000000001
17.202257850628552	-0.92125
16.908917275247603	-0.91875
16.605554291512597	-0.91625
16.2938771841507	-0.9137500000000001
15.976126806622535	-0.91125
15.654908206366814	-0.90875
15.33299594840504	-0.90625
15.013129051643062	-0.90375
14.697811836533116	-0.90125
14.389136113919978	-0.8987499999999999
14.088638131096253	-0.89625
13.797200721775402	-0.89375
13.515007434860602	-0.8912500000000001
13.241551337703822	-0.88875
12.97569701690415	-0.88625
12.715790342631468	-0.88375
12.459807103088485	-0.8812500000000001
12.205528890165754	-0.87875
11.950732800851517	-0.87625
11.693380716056549	-0.87375
11.43179415854451	-0.8712500000000001
11.164801969776677	-0.86875
10.89185016870285	-0.86625
10.613066193210885	-0.86375
10.329273062645994	-0.8612500000000001
10.041952595549914	-0.85875
9.75316041836546	-0.85625
9.465398863187932	-0.85375
9.18145675370032	-0.8512500000000001
8.904227333108862	-0.84875
8.636517058835329	-0.84625
8.380858593575176	-0.84375
8.139341037157518	-0.84125
7.9134693024905065	-0.83875
7.704062629633671	-0.8362499999999999
7.511199689131206	-0.83375
7.334214720157621	-0.83125
7.171745876523806	-0.8287500000000001
7.021833621806621	-0.82625
6.882063830233964	-0.82375
6.749747405202671	-0.82125
6.6221258902515014	-0.8187500000000001
6.4965908515982	-0.81625
6.370903849561501	-0.81375
6.243403635641748	-0.81125
6.113187813379281	-0.8087500000000001
5.980257539708782	-0.80625
5.845615833373223	-0.80375
5.711312576830832	-0.80125
5.5804321994677455	-0.7987500000000001
5.457023146178474	-0.79625
5.345971391573423	-0.79375
5.252823282955426	-0.79125
5.183565722650593	-0.7887500000000001
5.144373989815887	-0.78625
5.141339237798158	-0.78375
5.180188802018786	-0.78125
5.266012867429188	-0.77875
5.403010763197296	-0.77625
5.594269201387492	-0.7737499999999999
5.841583216018986	-0.77125
6.14532847898162	-0.76875
6.504391184137432	-0.7662500000000001
6.916158932538783	-0.76375
7.376573162453795	-0.76125
7.880240793083492	-0.75875
8.420600031191576	-0.7562500000000001
8.990132854608056	-0.75375
9.580614647428849	-0.75125
10.183389907941715	-0.74875
10.789661944923074	-0.74625
11.390784055654427	-0.74375
11.978539845334605	-0.74125
12.545401079636921	-0.73875
13.08475271072609	-0.7362500000000001
13.591076409759484	-0.73375
14.060085984554577	-0.7312500000000001
14.488810354657687	-0.72875
14.875622184051867	-0.7262500000000001
15.220212718024065	-0.72375
15.523515721915635	-0.7212500000000001
15.787585570316164	-0.71875
16.01543639311129	-0.71625
16.210850673614452	-0.71375
16.37816675724954	-0.71125
16.52205533179868	-0.70875
16.647295069271237	-0.70625
16.758557284283143	-0.70375
16.860208694644598	-0.70125
16.956140215619225	-0.69875
17.049628244907602	-0.69625
17.143233178082166	-0.69375
17.238738019680852	-0.69125
17.337128013459825	-0.68875
17.438610296508195	-0.68625
17.542670772166616	-0.68375
17.648163774400846	-0.68125
17.75342872895681	-0.67875
17.856426958175824	-0.67625
17.954891065168113	-0.67375
18.04647899079685	-0.67125
18.128924868164066	-0.6687500000000001
18.200179191792085	-0.66625
18.258531544542873	-0.6637500000000001
18.302710142646024	-0.66125
18.331953714440775	-0.6587500000000001
18.346052659036832	-0.65625
18.345357968532564	-0.65375
18.33075797035297	-0.65125
18.303624483695845	-0.64875
18.265731418442574	-0.64625
18.21915011486854	-0.64375
18.16612677544991	-0.64125
18.108948134085793	-0.63875
18.049802013427524	-0.63625
17.990639621154248	-0.63375
17.93304632788308	-0.63125
17.878127263141344	-0.62875
17.826413384144104	-0.62625
17.777792748920337	-0.62375
17.731470604032392	-0.62125
17.685960628624926	-0.61875
17.639108316861638	-0.61625
17.588146088713987	-0.61375
17.529778353518996	-0.61125
17.46029346845451	-0.60875
17.375698387320178	-0.6062500000000001
17.271870829432803	-0.60375
17.144723051468166	-0.6012500000000001
16.990370804509812	-0.59875
16.80530082169832	-0.5962500000000001
16.586530215012555	-0.59375
16.331751458163023	-0.59125
16.039457181060353	-0.58875
15.709039774832965	-0.58625
15.340861771357742	-0.58375
14.936294077186478	-0.58125
14.497720362771236	-0.57875
14.028507184868234	-0.57625
13.532940702438562	-0.57375
13.016132084474519	-0.57125
12.483894854768769	-0.56875
11.942598430945758	-0.56625
11.399002956291024	-0.56375
10.860081163544317	-0.56125
10.332833428622642	-0.55875
9.824102356909197	-0.55625
9.340393192157734	-0.55375
8.88770605424284	-0.55125
8.471385511636536	-0.54875
8.095992300262713	-0.54625
7.765201141826319	-0.5437500000000001
7.48172762699939	-0.54125
7.247286051299714	-0.5387500000000001
7.062578966001918	-0.53625
6.927318075774443	-0.5337500000000001
6.840275021000244	-0.53125
6.799359565666172	-0.52875
6.801721807276194	-0.52625
6.84387426440339	-0.52375
6.921829105093376	-0.52125
7.0312453733308065	-0.51875
7.167580861741776	-0.51625
7.326243269564472	-0.51375
7.502735471063097	-0.51125
7.692790089179244	-0.50875
7.892489103927742	-0.50625
8.098364900750752	-0.50375
8.307479951973423	-0.50125
8.517483192415426	-0.49875
8.72664206369517	-0.49624999999999997
8.93385012558597	-0.49375
9.138611032246214	-0.49124999999999996
9.341000513367463	-0.48875
9.541608755402457	-0.48624999999999996
9.741466220245176	-0.48375
9.94195644717013	-0.48124999999999996
10.144719743215523	-0.47875
10.351551868264472	-0.47625000000000006
10.564301860799233	-0.47375
10.784773031812461	-0.47125000000000006
11.014630886681019	-0.46875
11.255321332370391	-0.46625000000000005
11.508002009276549	-0.46375
11.773488976332859	-0.46125000000000005
12.052220300612866	-0.45875
12.344237386278044	-0.45625000000000004
12.64918415083574	-0.45375
12.96632344739574	-0.45125000000000004
13.294569466649245	-0.44875
13.632534255937651	-0.44625000000000004
13.978585986082429	-0.44375
14.330916196679754	-0.44125000000000003
14.687612969877096	-0.43875
15.046736828908754	-0.43625
15.406396133491969	-0.43374999999999997
15.764818847158152	-0.43125
16.120417774509203	-0.42874999999999996
16.47184669760734	-0.42625
16.818045264756172	-0.42374999999999996
17.15827098314105	-0.42125
17.492117218135085	-0.41874999999999996
17.81951668397091	-0.41625
18.1407304997489	-0.41375000000000006
18.456323458466574	-0.41125
18.76712669315418	-0.40875000000000006
19.074189403437266	-0.40625
19.378721710748515	-0.40375000000000005
19.68203102703379	-0.40125
19.985454539898587	-0.39875000000000005
20.290290530485404	-0.39625
20.597731246843683	-0.39375000000000004
20.908799957196614	-0.39125
21.224294610273088	-0.38875000000000004
21.544740243382726	-0.38625
21.870351915936347	-0.38375000000000004
22.201009522064478	-0.38125
22.536245368237513	-0.37875000000000003
22.87524490898536	-0.37625
23.21686053512796	-0.37375
23.559637823324493	-0.37124999999999997
23.90185320126819	-0.36875
24.241561575948616	-0.36624999999999996
24.57665212735659	-0.36375
24.90491019843604	-0.36124999999999996
25.224083022568326	-0.35875
25.531946927700872	-0.35624999999999996
25.826373643266862	-0.35375
26.105393410763917	-0.35125000000000006
26.367252756464723	-0.34875
26.61046501742962	-0.34625000000000006
26.833852009340823	-0.34375
27.036575574075016	-0.34125000000000005
27.218158132112045	-0.33875
27.378491774529497	-0.33625000000000005
27.51783584566181	-0.33375
27.636803374889404	-0.33125000000000004
27.736337099559385	-0.32875
27.817676167126688	-0.32625000000000004
27.88231490138943	-0.32375
27.93195525550406	-0.32125000000000004
27.96845474611762	-0.31875
27.99377176393516	-0.31625000000000003
28.009910184652117	-0.31375
28.01886516148639	-0.31125
28.022571870292474	-0.30874999999999997
28.022858806618032	-0.30625
28.021407009426014	-0.30374999999999996
28.01971631866431	-0.30125
28.01907947488884	-0.29874999999999996
28.02056455104864	-0.29625
28.025005882012415	-0.29374999999999996
28.033003339009856	-0.29125
28.04492949581389	-0.28875000000000006
28.060943962086032	-0.28625
28.081013926277404	-0.28375000000000006
28.10493976347789	-0.28125
28.132384428268736	-0.27875000000000005
28.162905272406846	-0.27625
28.195986903233603	-0.27375000000000005
28.23107373000571	-0.27125
28.267600928684733	-0.26875000000000004
28.305022685950618	-0.26625
28.342836753466752	-0.26375000000000004
28.38060454549569	-0.26125
28.41796623759552	-0.25875000000000004
28.454650561456138	-0.25625
28.490479230883622	-0.25375000000000003
28.52536616663099	-0.25125
28.55931190391708	-0.24875000000000003
28.592393757725034	-0.24625000000000008
28.624752480244357	-0.2437499999999999
28.65657626653725	-0.24124999999999996
28.688083044796837	-0.23875000000000002
28.719502024356125	-0.23625000000000007
28.751055467695814	-0.2337499999999999
28.782941603689032	-0.23124999999999996
28.81531951153	-0.22875
28.848296683068533	-0.22625000000000006
28.881919821760924	-0.22375000000000012
28.916169266311762	-0.22124999999999995
28.9509572441902	-0.21875
28.98612997277588	-0.21625000000000005
29.021473442166766	-0.2137500000000001
29.0567225415667	-0.21124999999999994
29.091573037923087	-0.20875
29.125695787417918	-0.20625000000000004
29.158752462655293	-0.2037500000000001
29.19041201468378	-0.20124999999999993
29.2203670615727	-0.19874999999999998
29.248349404777095	-0.19625000000000004
29.274143920039062	-0.1937500000000001
29.297600148622127	-0.19124999999999992
29.318641023396484	-0.18874999999999997
29.337268297608382	-0.18625000000000003
29.35356439600145	-0.18375000000000008
29.367690571515183	-0.1812499999999999
29.37988141883712	-0.17874999999999996
29.390435961278616	-0.17625000000000002
29.39970568260757	-0.17375000000000007
29.408080013927613	-0.1712499999999999
29.415969901512728	-0.16874999999999996
29.423790169771177	-0.16625
29.43194145049801	-0.16375000000000006
29.440792472913316	-0.1612499999999999
29.45066349772916	-0.15874999999999995
29.46181163318778	-0.15625
29.47441869362757	-0.15375000000000005
29.488582154993868	-0.1512500000000001
29.504309631342007	-0.14874999999999994
29.52151714732054	-0.14625
29.540031320194633	-0.14375000000000004
29.559595398003605	-0.1412500000000001
29.579878935002267	-0.13874999999999993
29.600490728611454	-0.13624999999999998
29.620994500337485	-0.13375000000000004
29.640926682525876	-0.1312500000000001
29.659815578524487	-0.12874999999999992
29.67720109989324	-0.12624999999999997
29.69265425349559	-0.12375000000000003
29.705795555064693	-0.12125000000000008
29.716311584136864	-0.11874999999999991
29.723968966645405	-0.11624999999999996
29.728625173150242	-0.11375000000000002
29.73023564856639	-0.11125000000000007
29.72885693817157	-0.1087499999999999
29.72464563856575	-0.10624999999999996
29.71785317441996	-0.10375000000000001
29.708816575226777	-0.10125000000000006
29.69794559370103	-0.0987499999999999
29.685706662043245	-0.09624999999999995
29.672604317529256	-0.09375
29.65916083914599	-0.09125000000000005
29.645894917564686	-0.0887500000000001
29.63330022813097	-0.08624999999999994
29.621824788583616	-0.08374999999999999
29.61185195915896	-0.08125000000000004
29.603683883316737	-0.0787500000000001
29.597528074710862	-0.07624999999999993
29.593487733756202	-0.07374999999999998
29.59155622997241	-0.07125000000000004
29.591616020019835	-0.06875000000000009
29.593442092597545	-0.06624999999999992
29.596709847319	-0.06374999999999997
29.60100713274852	-0.06125000000000003
29.605849996376783	-0.05875000000000008
29.610701543504902	-0.05624999999999991
29.614993169256532	-0.053749999999999964
29.618147323812003	-0.05125000000000002
29.619600899933562	-0.04875000000000007
29.61882829708272	-0.0462499999999999
29.61536321966088	-0.043749999999999956
29.608818308345718	-0.04125000000000001
29.598901781828214	-0.03875000000000006
29.585430378674825	-0.03624999999999989
29.56833803132696	-0.03374999999999995
29.547679870973077	-0.03125
29.52363134670204	-0.028750000000000053
29.49648243772308	-0.026250000000000107
29.466627135758184	-0.023749999999999938
29.43454856803662	-0.02124999999999999
29.400800311821648	-0.018750000000000044
29.365984611693886	-0.016250000000000098
29.330728344248296	-0.013749999999999929
29.295657675788252	-0.011249999999999982
29.261372422616574	-0.008750000000000036
29.22842114765255	-0.006250000000000089
29.197278009933605	-0.00374999999999992
29.168322325306608	-0.0012499999999999734
29.141821699145936	0.0012499999999999734
29.117919458690263	0.00374999999999992
29.096626948492812	0.006250000000000089
29.077821063718616	0.008750000000000036
29.061247189860786	0.011249999999999982
29.046527501911093	0.013749999999999929
29.033174359616535	0.016250000000000098
29.02060832681474	0.018750000000000044
29.00818015040911	0.02124999999999999
28.99519586620795	0.023749999999999938
28.98094406164966	0.026250000000000107
28.96472422525211	0.028750000000000053
28.945875053950942	0.03125
28.923801575226125	0.03374999999999995
28.897999972232135	0.03624999999999989
28.868079076424774	0.03875000000000006
28.833777610998606	0.04125000000000001
28.794976425678172	0.043749999999999956
28.751705153324515	0.0462499999999999
28.704142934330367	0.04875000000000007
28.65261308767011	0.05125000000000002
28.59757184872764	0.053749999999999964
28.53959153416422	0.05624999999999991
28.47933872353206	0.05875000000000008
28.417548256795374	0.06125000000000003
28.3549940277418	0.06374999999999997
28.29245769781671	0.06624999999999992
28.230696556864636	0.06875000000000009
28.17041181188089	0.07125000000000004
28.112218589227762	0.07374999999999998
28.05661888885291	0.07624999999999993
28.003978631882312	0.0787500000000001
27.95450979856228	0.08125000000000004
27.908258466830215	0.08374999999999999
27.865099339491426	0.08624999999999994
27.824737098274916	0.0887500000000001
27.786714655368137	0.09125000000000005
27.7504280976864	0.09375
27.71514784690721	0.09624999999999995
27.68004530003802	0.0987499999999999
27.644223981488537	0.10125000000000006
27.606754038001323	0.10375000000000001
27.56670875090523	0.10624999999999996
27.523201633024605	0.1087499999999999
27.475422625389818	0.11125000000000007
27.422671914790257	0.11375000000000002
27.364389958088275	0.11624999999999996
27.30018242167571	0.11874999999999991
27.2298389208176	0.12125000000000008
27.153344668008266	0.12375000000000003
27.070884403987144	0.12624999999999997
26.982838280108492	0.12874999999999992
26.889769675328985	0.1312500000000001
26.792405253172547	0.13375000000000004
26.691607881117605	0.13624999999999998
26.58834333432678	0.13874999999999993
26.483641975323874	0.1412500000000001
26.378556829852844	0.14375000000000004
26.274119656814097	0.14625
26.17129672874313	0.14874999999999994
26.070946092763617	0.1512500000000001
25.973778066724993	0.15375000000000005
25.880320640313542	0.15625
25.790891298002336	0.15874999999999995
25.705576564144586	0.1612499999999999
25.62422029725858	0.16375000000000006
25.546421439901916	0.16625
25.471541573828915	0.16874999999999996
25.39872225038356	0.1712499999999999
25.3269116774912	0.17375000000000007
25.254899962055433	0.17625000000000002
25.181361745028163	0.17874999999999996
25.104904740437885	0.1812499999999999
25.024122412748856	0.18375000000000008
24.937648811028026	0.18625000000000003
24.844213433422222	0.18874999999999997
24.74269392880996	0.19124999999999992
24.632164458796556	0.1937500000000001
24.511937644022996	0.19625000000000004
24.381598202418427	0.19874999999999998
24.241026648735474	0.20124999999999993
24.090411756553983	0.2037500000000001
23.930250875186076	0.20625000000000004
23.761337631304045	0.20875
23.584737013333903	0.21124999999999994
23.401748318871103	0.2137500000000001
23.213856923816024	0.21625000000000005
23.022676288546666	0.21875
22.829882033597574	0.22124999999999995
22.63714027840424	0.2237499999999999
22.446032726824125	0.22625000000000006
22.257981189775187	0.22875
22.07417434868163	0.23124999999999996
21.895499576965406	0.2337499999999999
21.722482547599135	0.23625000000000007
21.55523716351081	0.23875000000000002
21.393428058947478	0.24124999999999996
21.23624754199711	0.2437499999999999
21.082408393019698	0.24625000000000008
20.93015341552605	0.24875000000000003
20.777282072431234	0.25125
20.621193950980146	0.2537499999999999
20.45894820469055	0.2562500000000001
20.287337541672755	0.25875000000000004
20.102974786756764	0.26125
19.902389560120916	0.26374999999999993
19.682132205955497	0.2662500000000001
19.438881787092445	0.26875000000000004
19.169554748381735	0.27125
18.871410752235036	0.27374999999999994
18.542152209530087	0.2762500000000001
18.18001416910485	0.27875000000000005
17.783841486152376	0.28125
17.353150556476454	0.28374999999999995
16.88817336825258	0.2862500000000001
16.389882170440544	0.28875000000000006
15.859993668940488	0.29125
15.300952317069079	0.29374999999999996
14.715892943269942	0.2962499999999999
14.108583632511051	0.29875000000000007
13.483350424803378	0.30125
12.84498599171359	0.30374999999999996
12.198644978281152	0.3062499999999999
11.549729134456076	0.3087500000000001
10.903765691272945	0.31125
10.266282650444818	0.31375
9.642684744117881	0.3162499999999999
9.038133780921566	0.3187500000000001
8.457436926642801	0.32125000000000004
7.90494617895449	0.32375
7.384471896219516	0.32624999999999993
6.89921274511578	0.3287500000000001
6.45170385889013	0.33125000000000004
6.04378436850126	0.33375
5.676584805901448	0.33624999999999994
5.35053420657136	0.3387500000000001
5.065386081791145	0.34125000000000005
4.820261813959833	0.34375
4.6137094729520465	0.34624999999999995
4.443775577964148	0.3487500000000001
4.30808695428099	0.35125000000000006
4.203939570759804	0.35375
4.1283911000922915	0.35624999999999996
4.078353923894393	0.3587499999999999
4.050685407386009	0.36125000000000007
4.042272488070773	0.36375
4.0501079490823555	0.36624999999999996
4.071356166272777	0.3687499999999999
4.103406610693128	0.3712500000000001
4.143913934062433	0.37375
4.1908240413880415	0.37625
4.242386138312949	0.3787499999999999
4.297151307192082	0.3812500000000001
4.353958692434887	0.38375000000000004
4.4119108412596475	0.38625
4.470340132385167	0.38874999999999993
4.528768517533294	0.3912500000000001
4.5868629882315854	0.39375000000000004
4.6443892571451935	0.39625
4.701166107684471	0.39874999999999994
4.757022721443195	0.4012500000000001
4.811761048329397	0.40375000000000005
4.865124951602945	0.40625
4.916777455773846	0.40874999999999995
4.966286968862453	0.4112500000000001
5.013122863525893	0.41375000000000006
5.056660306941236	0.41625
5.096193750284995	0.41874999999999996
5.13095804757332	0.4212499999999999
5.160155791145433	0.42375000000000007
5.182989145085883	0.42625
5.198694242733351	0.42874999999999996
5.206576100234851	0.4312499999999999
5.206041990268008	0.4337500000000001
5.196631318956719	0.43625
5.178040249953823	0.43875
5.150139613055386	0.4412499999999999
5.112985006417021	0.4437500000000001
5.066818433413857	0.44625000000000004
5.012061286240945	0.44875
4.949298975124181	0.45124999999999993
4.879257980013364	0.4537500000000001
4.80277654638595	0.45625000000000004
4.720770634997045	0.45875
4.63419704606016	0.46124999999999994
4.544015853766116	0.4637500000000001
4.451154393829362	0.46625000000000005
4.356475036459874	0.46875
4.260748846882393	0.47124999999999995
4.16463698812598	0.4737500000000001
4.068681364966562	0.47625000000000006
3.973305557849255	0.47875
3.878826570608874	0.48124999999999996
3.785477339382483	0.4837499999999999
3.6934393490808257	0.48625000000000007
3.602884107094016	0.48875
3.514021661300304	0.49124999999999996
3.4271538501166985	0.4937499999999999
3.3427295635212584	0.4962500000000001
3.2613989996233514	0.49875
3.184063740878908	0.50125
3.1119194612458054	0.5037499999999999
3.046488217829239	0.5062500000000001
2.989637578239733	0.50875
2.9435842810682806	0.51125
2.9108807074507146	0.5137499999999999
2.894383135701753	0.5162500000000001
2.897201531407136	0.51875
2.9226314600576546	0.52125
2.9740695623945776	0.5237499999999999
3.0549148659551375	0.5262500000000001
3.1684589810866983	0.52875
3.3177689083222575	0.53125
3.505566731754163	0.53375
3.73411085976855	0.5362500000000001
4.005083676188146	0.5387500000000001
4.319490464904315	0.54125
4.6775742612796165	0.54375
5.078750864873915	0.5462499999999999
5.52156763063473	0.5487500000000001
6.003688859073047	0.55125
6.521909658184769	0.55375
7.072199086746307	0.5562499999999999
7.649772252121024	0.5587500000000001
8.249189872517404	0.56125
8.86448267302128	0.56375
9.48929691650512	0.5662499999999999
10.11705642281385	0.5687500000000001
10.741135646660677	0.57125
11.355037804652977	0.57375
11.952571695137316	0.5762499999999999
12.528020761983845	0.5787500000000001
13.076298125222412	0.58125
13.59308173641398	0.58375
14.074924501968434	0.5862499999999999
14.519335129108347	0.5887500000000001
14.924826552120518	0.59125
15.290930046966794	0.59375
15.618174488856456	0.59625
15.908031593315295	0.5987500000000001
16.162829347113682	0.6012500000000001
16.38563712143158	0.60375
16.58012710870037	0.60625
16.750417684720755	0.6087499999999999
16.90090502466151	0.6112500000000001
17.036089761035576	0.61375
17.16040564098363	0.61625
17.278057009357553	0.6187499999999999
17.39287151693102	0.6212500000000001
17.50817374695017	0.62375
17.626684498584126	0.62625
17.75044930484608	0.6287499999999999
17.880798447424233	0.6312500000000001
18.018339321425227	0.63375
18.162980564039536	0.63625
18.31398595921092	0.6387499999999999
18.470054830850323	0.6412500000000001
18.62942450081936	0.64375
18.789989468190104	0.64625
18.949431306352515	0.6487499999999999
19.105352905177345	0.6512500000000001
19.255410623382918	0.65375
19.397438163192522	0.65625
19.529556521725457	0.65875
19.65026518302858	0.6612500000000001
19.758510749439736	0.6637500000000001
19.853730417862984	0.66625
19.935869023438737	0.66875
20.005369732217062	0.6712499999999999
20.063139795716744	0.6737500000000001
20.110494014976087	0.67625
20.149079636164068	0.67875
20.180787258719025	0.6812499999999999
20.20765293643676	0.6837500000000001
20.231756961953646	0.68625
20.255124831309928	0.68875
20.27963558995564	0.6912499999999999
20.30694218351017	0.6937500000000001
20.338407610384394	0.69625
20.375059647587776	0.69875
20.417565755660778	0.7012499999999999
20.466228531843424	0.7037500000000001
20.52100084485361	0.70625
20.5815186228236	0.70875
20.647148246925443	0.7112499999999999
20.717044687921	0.7137500000000001
20.790215960529558	0.71625
20.86558919557105	0.71875
20.942073659694525	0.72125
21.018616386093548	0.7237500000000001
21.094246697168952	0.7262500000000001
21.168106763965692	0.72875
21.239466403727498	0.73125
21.307721499383096	0.7337500000000001
21.372376657261803	0.7362500000000001
21.433013921142017	0.73875
21.489250451341647	0.74125
21.54068898168385	0.7437499999999999
21.586865519662403	0.7462500000000001
21.627199105449005	0.74875
21.660948461245194	0.75125
21.687180032583164	0.7537499999999999
21.704751258608315	0.7562499999999999
21.712311942742435	0.7587499999999998
21.70832538319119	0.7612500000000002
21.69110953773018	0.7637500000000002
21.658897026665244	0.7662500000000001
21.609911318681206	0.76875
21.542455096629133	0.77125
21.455005661218394	0.7737499999999999
21.346311387470802	0.7762499999999999
21.21548277324327	0.7787499999999998
21.062071561389185	0.7812500000000002
20.88613180186223	0.7837500000000002
20.68825754341936	0.7862500000000001
20.46959307309729	0.7887500000000001
20.231813193017064	0.79125
19.97707284987465	0.79375
19.70792740271454	0.7962499999999999
19.427226803991392	0.7987499999999998
19.137988844538153	0.8012499999999998
18.843258242785023	0.8037500000000002
18.54595962009318	0.8062500000000001
18.248753193620924	0.8087500000000001
17.953902258532754	0.81125
17.663161178610956	0.81375
17.37769165244555	0.8162499999999999
17.098013505852972	0.8187499999999999
16.823994254811197	0.8212499999999998
16.554879299231654	0.8237500000000002
16.289361990318284	0.8262500000000002
16.02569013072367	0.8287500000000001
15.761802898186287	0.83125
15.495489912372706	0.83375
15.224562362756307	0.8362499999999999
14.947024930409132	0.8387499999999999
14.66123678109444	0.8412499999999998
14.36605024828078	0.8437500000000002
14.060916977315495	0.8462500000000002
13.74595322394972	0.8487500000000001
13.421958592692835	0.8512500000000001
13.090385610830367	0.85375
12.753260964678157	0.85625
12.413062744200058	0.8587499999999999
12.072561399779396	0.8612499999999998
11.734635057946628	0.8637499999999998
11.402072134751874	0.8662500000000002
11.077375624366928	0.8687500000000001
10.76258387616623	0.8712500000000001
10.459122021670037	0.87375
10.167696465337674	0.87625
9.888242084005896	0.8787499999999999
9.619928143853803	0.8812499999999999
9.361224671087333	0.8837499999999998
9.110026395284699	0.8862500000000002
8.863826758808818	0.8887500000000002
8.619930209384949	0.8912500000000001
8.375687418524835	0.89375
8.128735516195857	0.89625
7.877224162759856	0.8987499999999999
7.620008469631757	0.9012499999999999
7.356791503688811	0.9037499999999998
7.088202324023983	0.9062500000000002
6.815800038645187	0.9087500000000002
6.541999951736406	0.9112500000000001
6.26992411476785	0.9137500000000001
6.003185033133419	0.91625
5.745617402052581	0.91875
5.50097802879965	0.9212499999999999
5.2726380517127795	0.9237499999999998
5.063293772235062	0.9262500000000002
4.87472256992219	0.9287500000000002
4.707608314175556	0.9312500000000001
4.561456433602839	0.9337500000000001
4.434612550582677	0.93625
4.3243907119433285	0.93875
4.227308287384125	0.9412499999999999
4.139415237335565	0.9437499999999999
4.056696428533697	0.9462499999999998
3.9755177840668097	0.9487500000000002
3.893081044608312	0.9512500000000002
3.8078484364071774	0.9537500000000001
3.7198980716023535	0.95625
3.631173710408552	0.95875
3.5455985964045413	0.9612499999999999
3.4690321594007303	0.9637499999999999
3.409059911077392	0.9662499999999998
3.37462003098048	0.9687500000000002
3.3754839475642506	0.9712500000000002
3.421621524997197	0.9737500000000001
3.522493096570311	0.9762500000000001
3.6863194264626613	0.97875
3.919385784906187	0.98125
4.225437000799577	0.9837499999999999
4.605216266794036	0.9862499999999998
5.056191670367538	0.9887500000000002
5.572501389676524	0.9912500000000002
6.145132115238641	0.9937500000000001
6.762326786962246	0.9962500000000001
7.410198689309037	0.99875
8.073510991320987	1.00125
8.73656562042152	1.00375
9.384134431364682	1.0062499999999999
10.002360176757316	1.0087499999999998
10.579555559721399	1.0112500000000002
11.106835860525148	1.0137500000000002
11.57853388087195	1.01625
11.992364240916332	1.01875
12.349325850547736	1.02125
12.653354691286921	1.02375
12.910761672821243	1.0262499999999999
13.129510016883513	1.0287499999999998
13.318401314258187	1.0312500000000002
13.486247464679884	1.0337500000000002
13.641106132637828	1.0362500000000001
13.78964989011425	1.03875
13.936724463728009	1.04125
14.085130872655409	1.04375
14.235641857363145	1.04625
14.387237486431552	1.0487499999999998
14.537521049494877	1.0512500000000002
14.683257066879554	1.0537500000000002
14.820960812324689	1.0562500000000001
14.947464761180077	1.05875
15.060392475847692	1.06125
15.158484147825206	1.06375
15.241738745293434	1.06625
15.311362910917794	1.0687499999999999
15.369543171481103	1.0712499999999998
15.419082120203724	1.0737500000000002
15.462957647716378	1.0762500000000002
15.503874314740045	1.07875
15.543875943992196	1.08125
15.58407821195707	1.08375
15.624560708914643	1.08625
15.664432301816866	1.0887499999999999
15.702055487955917	1.0912499999999998
15.735389176337636	1.0937500000000002
15.762389327330501	1.0962500000000002
15.781396695731868	1.0987500000000001
15.791442704137616	1.10125
15.792418454842089	1.10375
15.785076181839337	1.10625
15.770863185456498	1.10875
15.751620153011828	1.1112499999999998
15.729202799674873	1.1137500000000002
15.705102450917058	1.1162500000000002
15.680143562119394	1.1187500000000001
15.65432275609399	1.12125
15.626826352420775	1.12375
15.596226266979695	1.12625
15.560814776904104	1.12875
15.519005442829659	1.1312499999999999
15.46970849400653	1.1337499999999998
15.412589948926287	1.1362500000000002
15.34814644625417	1.1387500000000002
15.277569013954116	1.14125
15.202420659306568	1.14375
15.124202826634692	1.14625
15.043921207505814	1.14875
14.961770746161626	1.1512499999999999
14.87703687900792	1.1537499999999998
