3.068304149322932	-1.4985
7.703757373003253	-1.4955
9.231524539726857	-1.4925
11.617656452260409	-1.4895
12.961056967651391	-1.4865
13.794032043231498	-1.4835
14.91759240231775	-1.4805
16.23203917221758	-1.4775
17.31216265148966	-1.4745
18.021274533438444	-1.4715
18.54997436172756	-1.4685
19.145393301830403	-1.4655
19.899525914281885	-1.4625
20.730495694217993	-1.4595
21.491148864463675	-1.4565
22.08521147541213	-1.4535
22.516848704051323	-1.4505
22.867460101495976	-1.4475
23.23583566764639	-1.4445
23.684110686112977	-1.4415
24.214779866697196	-1.4385
24.781194602827604	-1.4355
25.31802956845015	-1.4324999999999999
25.773470194653456	-1.4295
26.129262838255087	-1.4264999999999999
26.40336491117048	-1.4235
26.638019545433906	-1.4204999999999999
26.880814884936225	-1.4175
27.1670063756558	-1.4144999999999999
27.509028577446355	-1.4115
27.895374846619823	-1.4084999999999999
28.297488468095608	-1.4055
28.681047685585735	-1.4024999999999999
29.017402015032633	-1.3995
29.291701500374685	-1.3964999999999999
29.50588101585489	-1.3935
29.676461169219593	-1.3904999999999998
29.82856863193175	-1.3875
29.9883550827533	-1.3844999999999998
30.17604722956624	-1.3815
30.401330796505736	-1.3784999999999998
30.66191215028681	-1.3755
30.94518899720549	-1.3725
31.23222487039875	-1.3695
31.502799624349294	-1.3664999999999998
31.740237785325178	-1.3635
31.934949760040094	-1.3605
32.08605208845869	-1.3575
32.200934605372	-1.3544999999999998
32.29309641479797	-1.3515
32.37889268437442	-1.3485
32.47397704601649	-1.3455
32.590189549253815	-1.3425
32.73346221005818	-1.3395
32.90304943244724	-1.3365
33.09210220246113	-1.3335
33.28935025789278	-1.3305
33.48147736803792	-1.3275
33.65569315680515	-1.3245
33.80202171288434	-1.3215
33.914926342673866	-1.3185
33.99404329206529	-1.3155
34.04397201074494	-1.3125
34.0732336391038	-1.3094999999999999
34.09263714589597	-1.3065
34.113367618114744	-1.3034999999999999
34.145127874570534	-1.3005
34.19462704450888	-1.2974999999999999
34.26463007818806	-1.2945
34.35367730068819	-1.2914999999999999
34.456471725631665	-1.2885
34.564831244319336	-1.2854999999999999
34.669026665025164	-1.2825
34.7592834128872	-1.2794999999999999
34.8272173356895	-1.2765
34.86700095487314	-1.2734999999999999
34.87610877702684	-1.2705
34.85555920063725	-1.2674999999999998
34.809645179444814	-1.2645
34.74521560365898	-1.2614999999999998
34.6706255415217	-1.2585
34.59450993613343	-1.2555
34.52454912476271	-1.2525
34.46638586467392	-1.2494999999999998
34.422825428992894	-1.2465
34.39340790877781	-1.2435
34.374391508859674	-1.2405
34.35913408899187	-1.2374999999999998
34.33881371878946	-1.2345
34.30339264632464	-1.2315
34.24270623980333	-1.2285
34.14755069054199	-1.2254999999999998
34.01065024645775	-1.2225
33.827404526725424	-1.2195
33.59634584552143	-1.2165
33.319271467537625	-1.2134999999999998
33.00105209041726	-1.2105
32.64915158396134	-1.2075
32.27292073168926	-1.2045
31.8827469692752	-1.2015
31.489151551198315	-1.1985
31.101924994846613	-1.1955
30.729381896106243	-1.1925
30.37779899496186	-1.1895
30.051078018197362	-1.1864999999999999
29.750649983155423	-1.1835
29.47561298089567	-1.1804999999999999
29.223073394971077	-1.1775
28.988643018294322	-1.1744999999999999
28.767032957579506	-1.1715
28.552680225435385	-1.1684999999999999
28.340344484695738	-1.1655
28.125619869807988	-1.1624999999999999
27.90531899730121	-1.1595
27.67770166761532	-1.1564999999999999
27.44253764938013	-1.1535
27.201009614952863	-1.1504999999999999
26.955477207961632	-1.1475
26.70913510138016	-1.1444999999999999
26.465605859589726	-1.1415
26.228511991462657	-1.1385
26.001070752448157	-1.1355
25.785750404831912	-1.1324999999999998
25.58401849733199	-1.1295
25.396202245148718	-1.1265
25.22146938792912	-1.1235
25.057926116322466	-1.1204999999999998
24.902817857280965	-1.1175
24.75280980356508	-1.1145
24.604317745883748	-1.1115
24.45385642787436	-1.1084999999999998
24.29837241860165	-1.1055
24.13553123028624	-1.1025
23.963933700421578	-1.0995
23.78324391152924	-1.0964999999999998
23.59421941028606	-1.0935
23.398643419499155	-1.0905
23.19916732739594	-1.0875
22.9990792765781	-1.0844999999999998
22.802020573415124	-1.0815
22.611675477760315	-1.0785
22.43146148370542	-1.0755
22.264246434133486	-1.0725
22.112115884288755	-1.0695
21.976209368166867	-1.0665
21.856638083631772	-1.0635
21.752489543790038	-1.0605
21.66191753060302	-1.0574999999999999
21.582308812792235	-1.0545
21.510512083585564	-1.0514999999999999
21.443109875400413	-1.0485
21.376711140363142	-1.0454999999999999
21.308240932599443	-1.0425
21.23520423067375	-1.0394999999999999
21.155903295361593	-1.0365
21.069591840578695	-1.0334999999999999
20.976554370135474	-1.0305
20.878104890142282	-1.0274999999999999
20.776505393154753	-1.0245
20.67481056339049	-1.0214999999999999
20.576650634940837	-1.0185
20.485968863792774	-1.0154999999999998
20.406733346083886	-1.0125
20.342644723405318	-1.0095
20.29686156353876	-1.0065
20.271763905200107	-1.0034999999999998
20.268772727728336	-1.0005
20.288239165006306	-0.9974999999999999
20.329412417563763	-0.9944999999999999
20.39048987261727	-0.9914999999999999
20.468747293339742	-0.9884999999999999
20.56074146461577	-0.9854999999999999
20.662572740859908	-0.9824999999999999
20.770190846791422	-0.9794999999999999
20.879724286888536	-0.9764999999999999
20.987811999847512	-0.9734999999999999
21.0919155420238	-0.9704999999999999
21.190591101760877	-0.9674999999999999
21.283702952459258	-0.9644999999999999
21.372563386214765	-0.9614999999999999
21.459988506388793	-0.9584999999999999
21.550264221368476	-0.9554999999999999
21.64902206631082	-0.9524999999999999
21.763029765988545	-0.9494999999999999
21.899906428348054	-0.9464999999999999
22.067776638916232	-0.9434999999999999
22.27488126609135	-0.9404999999999999
22.529165296447257	-0.9374999999999999
22.8378643710911	-0.9344999999999999
23.207111831531776	-0.9314999999999999
23.641587019316045	-0.9284999999999999
24.144223387973955	-0.9254999999999999
24.715991819271217	-0.9224999999999999
25.355770579843714	-0.9195
26.060308838906376	-0.9165
26.824285847322344	-0.9135
27.6404630170418	-0.9105
28.49992149689997	-0.9075
29.39237365620333	-0.9045
30.30653337036125	-0.9015
31.230527320549697	-0.8985
32.152327790594335	-0.8955
33.06018673394437	-0.8925
33.943051201678465	-0.8895
34.79094152513987	-0.8865
35.59527584075412	-0.8835
36.34912749368229	-0.8805
37.047405390802965	-0.8775
37.686951297475325	-0.8744999999999999
38.266552178670295	-0.8714999999999999
38.78686976322834	-0.8684999999999999
39.25029335865584	-0.8654999999999999
39.66072537995125	-0.8624999999999999
40.02331192342418	-0.8594999999999999
40.34413289317619	-0.8564999999999999
40.6298675903481	-0.8534999999999999
40.88745226128897	-0.8504999999999999
41.12374587015534	-0.8474999999999999
41.34521935405289	-0.8444999999999999
41.55768191126353	-0.8414999999999999
41.76605557340626	-0.8384999999999999
41.974206553472385	-0.8354999999999999
42.18483879387082	-0.8324999999999999
42.39945192158046	-0.8294999999999999
42.61836261211256	-0.8264999999999999
42.84078532447039	-0.8234999999999999
43.064965636050275	-0.8204999999999999
43.28835709980511	-0.8174999999999999
43.507830761293064	-0.8144999999999999
43.719905277182946	-0.8114999999999999
43.92098500545816	-0.8084999999999999
44.10759349592489	-0.8054999999999999
44.27659047253213	-0.8024999999999999
44.425361613617056	-0.7994999999999999
44.551972125532956	-0.7964999999999999
44.6552771727498	-0.7935
44.73498456276322	-0.7905
44.79166756786434	-0.7875
44.826728276309595	-0.7845
44.84231428413931	-0.7815
44.8411937558483	-0.7785
44.82659580058869	-0.7755
44.80202465108423	-0.7725
44.77105723560697	-0.7695
44.73713436196057	-0.7665
44.703355872082525	-0.7635
44.67228978495218	-0.7605
44.64580465370145	-0.7575
44.62493316915299	-0.7545
44.609773511717364	-0.7515
44.59943316469872	-0.7484999999999999
44.59201794139881	-0.7454999999999999
44.58466693739424	-0.7424999999999999
44.573632089827214	-0.7394999999999999
44.55439909567172	-0.7364999999999999
44.52184469155584	-0.7334999999999999
44.470423799078254	-0.7304999999999999
44.39437884869097	-0.7274999999999999
44.2879627540013	-0.7244999999999999
44.14566654228745	-0.7214999999999999
43.96244256481824	-0.7184999999999999
43.73391450440442	-0.7154999999999999
43.45656604412733	-0.7124999999999999
43.12790102312204	-0.7094999999999999
42.746569133546686	-0.7064999999999999
42.31245264911083	-0.7034999999999999
41.82671125495028	-0.7004999999999999
41.29178370292534	-0.6974999999999999
40.711346676739346	-0.6944999999999999
40.090232851137365	-0.6914999999999999
39.43431160730163	-0.6884999999999999
38.75033716816854	-0.6854999999999999
38.045769997674185	-0.6824999999999999
37.32857813244949	-0.6794999999999999
36.60702566034087	-0.6764999999999999
35.88945581644049	-0.6734999999999999
35.18407613505341	-0.6704999999999999
34.49875278754765	-0.6674999999999999
33.84082067398752	-0.6645
33.21691505245117	-0.6615
32.63282952292651	-0.6585
32.093404076975915	-0.6555
31.60244572774158	-0.6525
31.162682996429165	-0.6495
30.775754299671416	-0.6465
30.442229103107135	-0.6435
30.16165962193584	-0.6405
29.932659895296453	-0.6375
29.75300826751457	-0.6345
29.61976869742641	-0.6315
29.529425900955644	-0.6285
29.478029117550925	-0.6255
29.46133927568375	-0.6224999999999999
29.474974506582896	-0.6194999999999999
29.514549302268968	-0.6164999999999999
29.57580311156406	-0.6134999999999999
29.65471478935793	-0.6104999999999999
29.747600030000754	-0.6074999999999999
29.85118969333586	-0.6044999999999999
29.962687739036127	-0.6014999999999999
30.0798082897412	-0.5984999999999999
30.200792116048163	-0.5954999999999999
30.32440354968635	-0.5924999999999999
30.44990946201549	-0.5894999999999999
30.577042474643964	-0.5864999999999999
30.7059509837601	-0.5834999999999999
30.8371388712024	-0.5804999999999999
30.971397940125378	-0.5774999999999999
31.10973615316008	-0.5744999999999999
31.253304672746406	-0.5714999999999999
31.40332651752968	-0.5684999999999999
31.561029369563	-0.5654999999999999
31.727584711496938	-0.5624999999999999
31.904055059834178	-0.5594999999999999
32.0913506096109	-0.5564999999999999
32.29019613768131	-0.5534999999999999
32.501108545677965	-0.5504999999999999
32.72438497790938	-0.5474999999999999
32.960101040185634	-0.5444999999999999
33.20811828655298	-0.5414999999999999
33.46809984301743	-0.5385
33.73953280820018	-0.5355
34.02175591489751	-0.5325
34.313990854832085	-0.5295
34.615375659512225	-0.5265
34.92499858822318	-0.5235
35.24193109246967	-0.5205
35.56525859532599	-0.5175
35.89410803327931	-0.5145
36.22767134541272	-0.5115
36.565224347891416	-0.5085
36.906140688489884	-0.5055
37.24990082475965	-0.5025
37.59609619985416	-0.49949999999999994
37.94442899293662	-0.49649999999999994
38.29470798917473	-0.4934999999999998
38.64684124222606	-0.49049999999999994
39.00082628660847	-0.4874999999999998
39.35673869730637	-0.48449999999999993
39.7147197903668	-0.4814999999999998
40.07496421397592	-0.4784999999999999
40.43770809919919	-0.4754999999999998
40.80321832926165	-0.4724999999999999
41.17178335309421	-0.46950000000000003
41.54370582077909	-0.4664999999999999
41.91929716374709	-0.4635
42.29887408937317	-0.4604999999999999
42.682756815829066	-0.4575
43.071268745847064	-0.4544999999999999
43.46473717354559	-0.4515
43.86349454154966	-0.4484999999999999
44.26787971973794	-0.4455
44.6782387639561	-0.4424999999999999
45.094924633232544	-0.4395
45.518295396128565	-0.4364999999999999
45.9487105380713	-0.4335
46.386525087738576	-0.4304999999999999
46.83208140653002	-0.4275
47.28569862473216	-0.4244999999999999
47.74765985441161	-0.4215
48.21819745527831	-0.41849999999999987
48.697476768702	-0.4155
49.18557885995541	-0.41249999999999987
49.68248291344217	-0.4095
50.188049004816506	-0.40649999999999986
50.70200202326233	-0.40349999999999997
51.223917533786995	-0.40049999999999986
51.75321035155912	-0.39749999999999996
52.289126547918066	-0.39449999999999985
52.83073952196629	-0.39149999999999996
53.37695065531032	-0.38849999999999985
53.926494924526445	-0.38549999999999995
54.47795168140372	-0.38249999999999984
55.02976063105354	-0.37949999999999995
55.58024284933155	-0.37649999999999983
56.127626490932386	-0.37349999999999994
56.67007665537243	-0.37049999999999983
57.205728707133204	-0.36749999999999994
57.73272419536479	-0.3644999999999998
58.249248393909575	-0.36149999999999993
58.75356838928938	-0.3584999999999998
59.244070586832024	-0.3554999999999999
59.71929648616235	-0.3524999999999998
60.1779755982968	-0.3494999999999999
60.619054437545834	-0.3464999999999998
61.041720620849375	-0.3434999999999999
61.44542124212658	-0.3405
61.82987485545014	-0.3374999999999999
62.19507659291647	-0.3345
62.541296154549464	-0.3314999999999999
62.869068631235315	-0.3285
63.17917834986088	-0.3254999999999999
63.472636154570694	-0.3225
63.75065075150978	-0.3194999999999999
64.01459493905764	-0.3165
64.26596771445713	-0.3134999999999999
64.50635338488185	-0.3105
64.737378911382	-0.3074999999999999
64.96067077413818	-0.3045
65.17781266473088	-0.3014999999999999
65.39030528492485	-0.2985
65.59952946248309	-0.2954999999999999
65.80671368501454	-0.2925
66.01290700646459	-0.28949999999999987
66.21895810254559	-0.2865
66.42550104725129	-0.28349999999999986
66.63294815960452	-0.28049999999999997
66.84149003561448	-0.27749999999999986
67.05110264312381	-0.27449999999999997
67.26156112498211	-0.27149999999999985
67.47245973678643	-0.26849999999999996
67.68323714681499	-0.26549999999999985
67.89320615455603	-0.26249999999999996
68.10158674625676	-0.25949999999999984
68.30754130584211	-0.25649999999999995
68.51021074073532	-0.25349999999999984
68.70875026641806	-0.25049999999999994
68.9023636213698	-0.24749999999999983
69.09033455415666	-0.24449999999999994
69.27205453423308	-0.24149999999999983
69.4470457834461	-0.23849999999999993
69.61497890097515	-0.23549999999999982
69.77568455417652	-0.23249999999999993
69.9291589243344	-0.22949999999999982
70.07556282189947	-0.22649999999999992
70.21521461239284	-0.2234999999999998
70.34857731369988	-0.22049999999999992
70.47624043020211	-0.21750000000000003
70.5988972718989	-0.2144999999999999
70.717318660934	-0.21150000000000002
70.8323240484135	-0.2084999999999999
70.94475114696675	-0.20550000000000002
71.05542522639348	-0.2024999999999999
71.16512921969851	-0.1995
71.2745757450778	-0.1964999999999999
71.38438206773459	-0.1935
71.49504890695545	-0.1904999999999999
71.60694384317563	-0.1875
71.72028990246999	-0.1844999999999999
71.8351596986225	-0.1815
71.95147530299107	-0.17849999999999988
72.06901379751767	-0.1755
72.18741825437453	-0.17249999999999988
72.30621368464992	-0.16949999999999998
72.42482731552016	-0.16649999999999987
72.54261239720798	-0.16349999999999998
72.65887461344242	-0.16049999999999986
72.77290007670814	-0.15749999999999997
72.88398383562007	-0.15449999999999986
72.99145780814766	-0.15149999999999997
73.09471708152971	-0.14849999999999985
73.19324358643966	-0.14549999999999996
73.28662625669055	-0.14249999999999985
73.37457692254188	-0.13949999999999996
73.45694135031938	-0.13649999999999984
73.53370502734965	-0.13349999999999995
73.60499349213865	-0.13049999999999984
73.67106721772777	-0.12749999999999995
73.7323112634241	-0.12449999999999983
73.78922010882802	-0.12149999999999994
73.84237826680688	-0.11849999999999983
73.89243743191595	-0.11549999999999994
73.94009105171979	-0.11249999999999982
73.98604730559543	-0.10949999999999993
74.0310015352158	-0.10649999999999982
74.07560919077088	-0.10349999999999993
74.12046033629883	-0.10049999999999981
74.16605669703777	-0.09749999999999992
74.21279213371905	-0.0944999999999998
74.26093729689023	-0.09149999999999991
74.31062905363808	-0.08850000000000002
74.36186509555188	-0.08549999999999991
74.41450393736662	-0.08250000000000002
74.4682703080263	-0.0794999999999999
74.52276572780612	-0.07650000000000001
74.57748386457692	-0.0734999999999999
74.63183007697002	-0.07050000000000001
74.68514438922865	-0.0674999999999999
74.73672700823806	-0.0645
74.78586539283093	-0.06149999999999989
74.83186182296247	-0.058499999999999996
74.87406039426754	-0.05549999999999988
74.9118723828754	-0.05249999999999999
74.94479898559743	-0.04949999999999988
74.97245053959499	-0.046499999999999986
74.99456145974396	-0.04349999999999987
75.01100029617184	-0.04049999999999998
75.02177450265552	-0.03749999999999987
75.02702971162766	-0.034499999999999975
75.0270435256112	-0.03149999999999986
75.02221404977568	-0.02849999999999997
75.01304359768223	-0.025499999999999856
75.00011819407925	-0.022499999999999964
74.98408366729164	-0.01949999999999985
74.96561926262355	-0.01649999999999996
74.94540981164718	-0.013499999999999845
74.92411755600317	-0.010499999999999954
74.90235474559783	-0.00749999999999984
74.8806581086774	-0.0044999999999999485
74.85946622568075	-0.0014999999999998348
74.83910073221027	0.0015000000000000568
74.81975213266705	0.0045000000000001705
74.80147083035284	0.007500000000000062
74.78416377866144	0.010500000000000176
74.76759693897087	0.013500000000000068
74.75140350236143	0.01650000000000018
74.73509760313576	0.019500000000000073
74.71809303124401	0.022500000000000187
74.69972624683145	0.025500000000000078
74.67928282139145	0.028500000000000192
74.6560262836855	0.031500000000000083
74.62922824080192	0.0345000000000002
74.59819858013327	0.03750000000000009
74.56231453973774	0.04049999999999998
74.52104746380397	0.043500000000000094
74.47398613623733	0.046499999999999986
74.42085570637637	0.0495000000000001
74.36153138238087	0.05249999999999999
74.29604626416231	0.055500000000000105
74.22459291164006	0.058499999999999996
74.14751848723628	0.06150000000000011
74.06531356462422	0.0645
73.97859494904438	0.06750000000000012
73.88808309808879	0.07050000000000001
73.7945749560155	0.07350000000000012
73.69891321031349	0.07650000000000001
73.601953138257	0.07950000000000013
73.50452832674604	0.08250000000000002
73.40741661556858	0.08550000000000013
73.31130762890788	0.08850000000000002
73.21677322098225	0.09150000000000014
73.12424206974194	0.09450000000000003
73.03397951023454	0.09750000000000014
72.94607351125026	0.10050000000000003
72.86042747173342	0.10350000000000015
72.77676025535723	0.10650000000000004
72.69461360215371	0.10950000000000015
72.61336676572205	0.11250000000000004
72.53225793446397	0.11550000000000016
72.45041171689535	0.11850000000000005
72.36687171549741	0.12150000000000016
72.2806369912578	0.12450000000000006
72.19070104140225	0.12750000000000017
72.09609178373628	0.13050000000000006
71.99591096860958	0.13350000000000017
71.8893714278094	0.13650000000000007
71.77583062043756	0.13950000000000018
71.65481904838305	0.14250000000000007
71.52606228532575	0.14550000000000018
71.38949558788374	0.14850000000000008
71.2452703279635	0.1515000000000002
71.09375179205452	0.15450000000000008
70.93550822497049	0.1575000000000002
70.77129134000765	0.1605000000000001
70.60200886151469	0.1635000000000002
70.4286899960031	0.1665000000000001
70.25244503098556	0.16949999999999998
70.0744205242022	0.1725000000000001
69.8957517585781	0.1755
69.71751429058183	0.1785000000000001
69.54067650418521	0.1815
69.36605509435262	0.1845000000000001
69.19427534057762	0.1875
69.02573789295552	0.1905000000000001
68.86059358401786	0.1935
68.6987275052886	0.19650000000000012
68.53975325711673	0.1995
68.38301790506624	0.20250000000000012
68.22761776926139	0.20550000000000002
68.07242474942508	0.20850000000000013
67.91612246375672	0.21150000000000002
67.75725107059675	0.21450000000000014
67.59425926415285	0.21750000000000003
67.42556160481296	0.22050000000000014
67.24959907475188	0.22350000000000003
67.06490055270996	0.22650000000000015
66.87014278762902	0.22950000000000004
66.66420642602326	0.23250000000000015
66.4462257161052	0.23550000000000004
66.21562967293612	0.23850000000000016
65.97217273988335	0.24150000000000005
65.71595331560583	0.24450000000000016
65.44741892257585	0.24750000000000005
65.16735725962333	0.25050000000000017
64.87687289148644	0.25350000000000006
64.57734986506848	0.2565000000000002
64.27040108583128	0.25950000000000006
63.95780581846816	0.2625000000000002
63.64143717365506	0.26550000000000007
63.32318188789337	0.2685000000000002
63.00485507829337	0.2715000000000001
62.688112942788905	0.2745000000000002
62.374366565642596	0.2775000000000001
62.064700068476284	0.2805000000000002
61.75979631240045	0.2835000000000001
61.459873205212325	0.2865000000000002
61.1646334013198	0.2895000000000001
60.873229807562204	0.2925000000000002
60.584248836030845	0.2955000000000001
60.29571278974007	0.2985
60.00510214631759	0.3015000000000001
59.70939783930099	0.3045
59.405142948760265	0.3075000000000001
59.0885225267434	0.3105
58.75545962284073	0.3135000000000001
58.40172496496445	0.3165
58.02305721290507	0.3195000000000001
57.61529025788653	0.3225
57.17448370778698	0.3255000000000001
56.69705248888818	0.3285
56.17989142072821	0.33150000000000013
55.62049068599521	0.3345
55.017038322657186	0.33750000000000013
54.36850620593494	0.3405
53.67471645364936	0.34350000000000014
52.936385765662244	0.34650000000000003
52.15514587814028	0.34950000000000014
51.33353905421898	0.35250000000000004
50.47498831950491	0.35550000000000015
49.58374295696326	0.35850000000000004
48.664800573316555	0.36150000000000015
47.723807810350856	0.36450000000000005
46.76694247268927	0.36750000000000016
45.80078045387669	0.37050000000000005
44.832151343128444	0.37350000000000017
43.867986967715616	0.37650000000000006
42.91516735698979	0.37950000000000017
41.980368694807424	0.38250000000000006
41.06991775424275	0.3855000000000002
40.18965708414576	0.38850000000000007
39.34482484896344	0.3915000000000002
38.53995272416244	0.3945000000000001
37.77878463725086	0.3975000000000002
37.064218440613445	0.4005000000000001
36.398271832351625	0.4035000000000002
35.78207303270243	0.4065000000000001
35.21587590546508	0.4095000000000002
34.699098415592374	0.4125000000000001
34.23038256433697	0.4155000000000002
33.80767326886569	0.4185000000000001
33.428313077957725	0.4215
33.08914915941022	0.4245000000000001
32.78664867363333	0.4275
32.51701847201053	0.4305000000000001
32.27632503275407	0.4335
32.06061067026585	0.4365000000000001
31.86600231976981	0.4395
31.688809595122674	0.4425000000000001
31.525609327159664	0.4455
31.37331439133302	0.4485000000000001
31.229225301962362	0.4515
31.091063758890282	0.4545000000000001
30.956988052151843	0.4575
30.825590932639024	0.46050000000000013
30.695881213890406	0.4635
30.567250956357295	0.46650000000000014
30.439430578284025	0.46950000000000003
30.312434618225506	0.47250000000000014
30.186501129607873	0.47550000000000003
30.062027809400583	0.47850000000000015
29.939507948421205	0.48150000000000004
29.81946914337048	0.48450000000000015
29.702417439414475	0.48750000000000004
29.588789191257373	0.49050000000000016
29.4789124591484	0.49350000000000005
29.372979216889014	0.49650000000000016
29.271029067275105	0.49950000000000006
29.172944563826015	0.5025
29.078457653938415	0.5055000000000001
28.98716621483209	0.5085000000000002
28.89855917493872	0.5115000000000003
28.812048321746147	0.5145
28.727004610452607	0.5175000000000001
28.642796619052476	0.5205000000000002
28.55882875204148	0.5235000000000003
28.47457687819249	0.5265
28.389619293137603	0.5295000000000001
28.303661214191916	0.5325000000000002
28.21655142688271	0.5355000000000003
28.128290189104817	0.5385
28.039028034946607	0.5415000000000001
27.949055678492016	0.5445000000000002
27.85878576929335	0.5475000000000003
27.768727766589016	0.5505
27.67945765085082	0.5535000000000001
27.59158455365954	0.5565000000000002
27.505716638934953	0.5594999999999999
27.42242869391594	0.5625
27.3422338767071	0.5655000000000001
27.265561914985682	0.5685000000000002
27.1927457608941	0.5714999999999999
27.12401829054309	0.5745
27.05952010997466	0.5775000000000001
26.999318916061725	0.5805000000000002
26.943440189039492	0.5834999999999999
26.891908295563375	0.5865
26.844796392343255	0.5895000000000001
26.802282876470628	0.5925000000000002
26.764711564786175	0.5954999999999999
26.73265233383151	0.5985
26.706958642800377	0.6015000000000001
26.68881821750374	0.6045000000000003
26.679793209771333	0.6074999999999999
26.68184637197999	0.6105
26.697350199836876	0.6135000000000002
26.729076588377882	0.6165000000000003
26.780165297607493	0.6194999999999999
26.854070408033472	0.6225
26.954484927703	0.6255000000000002
27.085244750116086	0.6285000000000003
27.250214210854764	0.6315
27.453156501524358	0.6345000000000001
27.697593123716654	0.6375000000000002
27.98665735593982	0.6405000000000003
28.322947319561088	0.6435
28.708384628653462	0.6465000000000001
29.14408476422875	0.6495000000000002
29.630245206468455	0.6525000000000003
30.166056981131007	0.6555
30.749644632130654	0.6585000000000001
31.378038737450897	0.6615000000000002
32.04718396817776	0.6645000000000003
32.75198438988587	0.6675
33.4863862711521	0.6705000000000001
34.24349715294131	0.6735000000000002
35.01573840814217	0.6765000000000003
35.795027048866785	0.6795
36.57298118680778	0.6825000000000001
37.34114238270951	0.6855000000000002
38.091207192898935	0.6884999999999999
38.81525958320225	0.6915
39.50599557174096	0.6945000000000001
40.15693150695732	0.6975000000000002
40.7625877957967	0.7004999999999999
41.318640663392024	0.7035
41.82203562773863	0.7065000000000001
42.27105777289816	0.7095000000000002
42.665355549790256	0.7124999999999999
43.00591665954741	0.7155
43.29499650551329	0.7185000000000001
43.5360016540537	0.7215000000000003
43.73333263573355	0.7244999999999999
43.89219216178784	0.7275
44.018366345140635	0.7305000000000001
44.11798772763779	0.7335000000000003
44.19728976457111	0.7364999999999999
44.262362857842305	0.7395
44.31892203165973	0.7425000000000002
44.37209590027666	0.7455000000000003
44.42624569714566	0.7484999999999999
44.48482185058344	0.7515000000000001
44.550263953765764	0.7545000000000002
44.623948055391146	0.7575000000000003
44.706183075379045	0.7605
44.79625592252435	0.7635000000000001
44.892522660295114	0.7665000000000002
44.99254093751183	0.7695000000000003
45.09323697458616	0.7725
45.19109876792637	0.7755000000000001
45.282385927398956	0.7785000000000002
45.36334576019062	0.7815000000000003
45.43042490468078	0.7845
45.480466022734994	0.7875000000000001
45.51087977626921	0.7905000000000002
45.51978351696451	0.7935000000000003
45.506099755134365	0.7965
45.469609470935396	0.7995000000000001
45.41095759494389	0.8025000000000002
45.33161040693502	0.8055000000000003
45.233767062676684	0.8085
45.1202298354284	0.8115000000000001
44.994239830036605	0.8145000000000002
44.8592867793492	0.8174999999999999
44.718902965335786	0.8205
44.57645224031255	0.8235000000000001
44.434925500528365	0.8265000000000002
44.29675375602162	0.8294999999999999
44.16364914773846	0.8325
44.03648291642918	0.8355000000000001
43.91520748837603	0.8385000000000002
43.79882759823086	0.8414999999999999
43.68542283004003	0.8445
43.57222125272677	0.8475000000000001
43.45572109627475	0.8505000000000003
43.33185480439108	0.8534999999999999
43.19618745006623	0.8565
43.04413954283111	0.8595000000000002
42.87122280304116	0.8625000000000003
42.673276616819805	0.8654999999999999
42.4466926728121	0.8685
42.188615741986055	0.8715000000000002
41.89710968145675	0.8745000000000003
41.57127947330765	0.8775
41.211342365526576	0.8805000000000001
40.81864384941648	0.8835000000000002
40.395617145783824	0.8865000000000003
39.94568792232199	0.8895
39.47312895865718	0.8925000000000001
38.98287224483156	0.8955000000000002
38.48028838398325	0.8985000000000003
37.97094502955226	0.9015
37.460357307372306	0.9045000000000001
36.95374367375013	0.9075000000000002
36.45580040210253	0.9105000000000003
35.97050687618656	0.9135
35.50097214482594	0.9165000000000001
35.04933085126444	0.9195000000000002
34.61669381820469	0.9225000000000003
34.203155407302404	0.9255
33.80785646254452	0.9285000000000001
33.42909838636444	0.9315000000000002
33.06450088254372	0.9344999999999999
32.711193317150915	0.9375
32.36602766175462	0.9405000000000001
32.02579972252981	0.9435000000000002
31.68746491308682	0.9464999999999999
31.348335237427996	0.9495
31.00624539914541	0.9525000000000001
30.659677977084215	0.9555000000000002
30.30784028870466	0.9584999999999999
29.950688737898766	0.9615
29.588899915980207	0.9645000000000001
29.22379127084286	0.9675000000000002
28.85719754747815	0.9704999999999999
28.49131220535774	0.9735
28.128505426668806	0.9765000000000001
27.771131970338793	0.9795000000000003
27.42134287359758	0.9824999999999999
27.08091478608251	0.9855
26.751109535696184	0.9885000000000002
26.432574431661376	0.9915000000000003
26.125290934357775	0.9944999999999999
25.828575847972758	0.9975
25.54113535305308	1.0005000000000002
25.26116825749697	1.0035000000000003
24.9865110882487	1.0065
24.714814350526783	1.0095
24.44373670208353	1.0125000000000002
24.171142139314945	1.0155000000000003
23.895284722637328	1.0185
23.614965959292277	1.0215
23.329651708622777	1.0245000000000002
23.03953828737459	1.0275000000000003
22.745561156320164	1.0305
22.44934391507529	1.0335
22.15309000996845	1.0365000000000002
21.85942422109834	1.0395000000000003
21.57119527491255	1.0425
21.291254475162702	1.0455
21.022227744915085	1.0485000000000002
20.7662996783609	1.0515000000000003
20.52502795536238	1.0545
20.299204722387998	1.0575
20.088778356005413	1.0605000000000002
19.892844583511504	1.0635
19.709710535214665	1.0665
19.53702933490118	1.0695000000000001
19.3719967593448	1.0725000000000002
19.211595811619677	1.0755
19.05287025288561	1.0785
18.893204678226738	1.0815000000000001
18.730586977458287	1.0845000000000002
18.563829246848343	1.0875
18.39272551997992	1.0905
18.218129005595085	1.0935000000000001
18.041937622418768	1.0965000000000003
17.86698410254772	1.0995
17.696835245643673	1.1025
17.535513383506625	1.1055000000000001
17.38716103165781	1.1085000000000003
17.25567632678615	1.1115
17.14435149647103	1.1145
17.05554871844171	1.1175000000000002
16.990446914830773	1.1205000000000003
16.948889130864416	1.1235
16.92935326316011	1.1265
16.92905939742658	1.1295000000000002
16.94421551852106	1.1325000000000003
16.97039072715781	1.1355
17.00299237103723	1.1385
17.037811805880793	1.1415000000000002
17.0715939821179	1.1445000000000003
17.102579749250506	1.1475
17.130967528824897	1.1505
17.159243384258183	1.1535000000000002
17.192335699865815	1.1565000000000003
17.237562442654667	1.1595
17.304354653743225	1.1625
17.403758322004602	1.1655000000000002
17.547736697362343	1.1685000000000003
17.74831471750372	1.1715
18.01662474038879	1.1745
18.36192642180928	1.1775000000000002
18.790681782301252	1.1805000000000003
19.30576807061681	1.1835
19.90590526801808	1.1865
20.585361933588327	1.1895000000000002
21.333983200954123	1.1925
22.137559428856402	1.1955
22.978525235925726	1.1985000000000001
23.83694886065101	1.2015000000000002
24.69174372530867	1.2045
25.52201054554932	1.2075
26.308401894037495	1.2105000000000001
27.034393878716013	1.2135000000000002
27.687352864922715	1.2165
28.259299334791933	1.2195
28.747295342090005	1.2225000000000001
29.153414795411837	1.2255000000000003
29.48429419399795	1.2285
29.750301860578908	1.2315
29.964402097584113	1.2345000000000002
30.140822888906243	1.2375000000000003
30.293657997087365	1.2405
30.435543599123005	1.2435
30.576544215572667	1.2465000000000002
30.723362392371833	1.2495000000000003
30.87895284845018	1.2525
31.042577718787467	1.2555
31.210289651864155	1.2585000000000002
31.375779431167494	1.2615000000000003
31.531480484489787	1.2645
31.669789857308096	1.2675
31.784248684444393	1.2705000000000002
31.87052792333578	1.2735000000000003
31.92708788862129	1.2765
31.955421162874558	1.2795
31.95984339026535	1.2825000000000002
31.94685869109895	1.2855000000000003
31.92418781591605	1.2885
31.899598967123207	1.2915
31.87971534121635	1.2945000000000002
31.868983617662554	1.2975000000000003
31.86897053982369	1.3005
31.878110886847647	1.3035
31.891964158066962	1.3065000000000002
31.903957731757572	1.3095000000000003
31.90651270301123	1.3125
31.8923781884352	1.3155000000000001
31.85595335101311	1.3185000000000002
31.79436392690229	1.3215
31.70808718223627	1.3245
31.60098533256218	1.3275000000000001
31.47970488776535	1.3305000000000002
31.352513890682907	1.3335
31.22776133912482	1.3365
31.11223175694955	1.3395000000000001
31.0097129555151	1.3425000000000002
30.92008214305693	1.3455
30.83913968460757	1.3485
30.759287928961992	1.3515000000000001
30.670984180066217	1.3545000000000003
30.564722520581668	1.3575
30.433155605864933	1.3605
30.27289115616354	1.3635000000000002
30.08551654051892	1.3665000000000003
29.87752979228458	1.3695
29.659075119007706	1.3725
29.441659054148122	1.3755000000000002
29.23530182150453	1.3785000000000003
29.045787093179676	1.3815
28.87274485661283	1.3845
28.709190490857807	1.3875000000000002
28.542841211821962	1.3905000000000003
28.359082633362263	1.3935
28.144959547174718	1.3965
27.893151408853655	1.3995000000000002
27.60470950665047	1.4025000000000003
27.289492515123698	1.4055
26.96377545584557	1.4085
26.645344984193894	1.4115000000000002
26.347326534046935	1.4145000000000003
26.072713451188417	1.4175
25.811758509159308	1.4205
25.5438078381602	1.4235000000000002
25.24378749511779	1.4265000000000003
24.89168919221775	1.4295
24.4816642596376	1.4325
24.026541738418686	1.4355000000000002
23.55447056060492	1.4385000000000003
23.097199475364345	1.4415
22.673643596878332	1.4445000000000001
22.276220985078535	1.4475000000000002
21.868656098717743	1.4505
21.400466528310403	1.4535
20.834829487258318	1.4565000000000001
20.175818977444187	1.4595000000000002
19.47456567118771	1.4625
18.799724907997586	1.4655
18.17990531186254	1.4685000000000001
17.55699661169976	1.4715000000000003
16.805407439366746	1.4745
15.838923917279123	1.4775
14.730578159545308	1.4805000000000001
13.672629205771374	1.4835000000000003
12.67609612450679	1.4865
11.326298979739395	1.4895
9.357906874906563	1.4925000000000002
7.575069111186771	1.4955000000000003
3.7862497342605654	1.4985
