           -5        -0.5642916  
         -4.5        -0.4930086  
           -4        -0.4324037  
         -3.5        -0.3748222  
           -3         -0.320573  
           -2        -0.2144754  
         -1.5        -0.1610492  
           -1        -0.1075186  
         -0.5         -0.054014  
            0     -3.445734e-10  
          0.5         0.0540145  
            1         0.1075206  
          1.5         0.1610536  
            2         0.2144827  
          2.5         0.2676232  
            3         0.3205844  
          3.5         0.3748321  
            4         0.4324142  
          4.5         0.4930342  
            5         0.5643184  
          5.5         0.6325601  
            6         0.7013211  
          6.5         0.7708518  
            7         0.8276382  
          7.5         0.8705382  
            8          0.911509  
          8.5         0.9546051  
            9         0.9936695  
          9.5          1.037993  
           10          1.082385  
         10.5          1.125138  
           11          1.158313  
         11.5          1.195179  
           12          1.237147  
         12.5          1.275923  
           13          1.305947  
         13.5          1.329048  
           14           1.34162  
         14.5          1.334323  
           15          1.310213  

