-5          -0.03596155  
-4.5        0.01717486  
-4          0.07110721  
-3.5        0.124612  
-3          0.1743473  
-2.5        0.2252579  
-2          0.2804349  
-1.5        0.3361363  
-1          0.3916671  
-0.5        0.4466407  
0           0.5018168  
0.5         0.5576686  
1           0.6127552  
1.5         0.6683423  
2           0.7229446  
2.5         0.7779656  
3           0.8321551  
3.5         0.8860068  
4           0.9383641  
4.5         0.99024  
5           1.03962  
5.5         1.086417  
6           1.128687  
6.5         1.173292  
7           1.204048  
7.5         1.209098  
8           1.219143  
8.5         1.232317  
9           1.249664  
9.5         1.27019  
10          1.290401  
10.5        1.304187  
11          1.315858  
11.5        1.331271  
12          1.346611  
12.5        1.358215  
13          1.369435  
13.5        1.380105  
14          1.387975  
14.5        1.393882  
15          1.398647  

