-1.111149          940860.2  
-1.069939          940860.2  
-1.002382          940860.2  
-0.9101441         940860.2  
-0.7954951         940860.2  
-0.6612584         940860.2  
-0.5107393         940860.2  
-0.3476441         940860.2  
-0.1759888         940860.2  
-1.817488e-15      940860.2  
0.1759888          940860.2  
0.3476441          940860.2  
0.5107393          940860.2  
0.6612584          940860.2  
0.7954951          940860.2  
0.9101441          940860.2  
1.002382           940860.2  
1.069939           940860.2  
1.111149           940860.2  

