-1.481533        463110.8  
-1.426585        494606.8  
-1.33651         546237.6  
-1.213525        616732.1  
-1.06066         704354.3  
-0.8816779       806946.7  
-0.6809857       921983.1  
-0.4635255       1046631  
-0.2346517       1177821  
-2.423317e-15    1312323  
0.2346517        1177821  
0.4635255        1046631  
0.6809857        921983.1  
0.8816779        806946.7  
1.06066          704354.3  
1.213525         616732.1  
1.33651          546237.6  
1.426585         494606.8  
1.481533         463110.8  

